M0 145.656 312.5 178.656 31.25
M1 53.4088 250 64.4088 31.25
M2 494.835 468.75 555.835 31.25
M3 341.732 281.25 420.732 31.25
M4 860.499 218.75 939.499 31.25
M5 436.567 500 517.567 31.25
M6 306.747 406.25 401.747 31.25
M7 761.746 593.75 841.746 31.25
M8 114.242 156.25 193.242 31.25
M9 276.892 62.5 333.892 31.25
M10 403.484 562.5 426.484 31.25
M11 368.683 0 409.683 31.25
M12 641.75 531.25 720.75 31.25
M13 49.1127 531.25 61.1127 31.25
M14 156.887 312.5 239.887 31.25
M15 210.189 500 289.189 31.25
M16 716.95 62.5 801.95 31.25
M17 442.229 562.5 469.229 31.25
M18 164.373 437.5 259.373 31.25
M19 625.413 187.5 688.413 31.25
M20 51.4471 218.75 99.4471 31.25
M21 435.295 125 539.295 31.25
M22 857.14 562.5 937.14 31.25
M23 743.759 531.25 795.759 31.25
M24 806.089 375 915.089 31.25
M25 780.372 531.25 836.372 31.25
M26 182.248 343.75 277.248 31.25
M27 403.576 531.25 480.576 31.25
M28 171.835 468.75 203.835 31.25
M29 382.105 406.25 483.105 31.25
M30 719.95 0 746.95 31.25
M31 855.558 406.25 965.558 31.25
M32 47.9619 468.75 71.9619 31.25
M33 491.337 281.25 546.337 31.25
M34 590.594 250 641.594 31.25
M35 53.8233 125 83.8233 31.25
M36 607.736 31.25 667.736 31.25
M37 284.739 468.75 364.739 31.25
M38 615.753 593.75 650.753 31.25
M39 689.82 31.25 715.82 31.25
M40 299.621 187.5 369.621 31.25
M41 322.159 31.25 398.159 31.25
M42 575.953 593.75 600.953 31.25
M43 617.18 0 663.18 31.25
M44 706.754 406.25 774.754 31.25
M45 730.315 62.5 827.315 31.25
M46 263.434 406.25 372.434 31.25
M47 577.173 343.75 632.173 31.25
M48 244.574 125 288.574 31.25
M49 329.279 62.5 349.279 31.25
M50 302.255 31.25 323.255 31.25
M51 57.5853 531.25 74.5853 31.25
M52 597.698 468.75 656.698 31.25
M53 120.342 468.75 178.342 31.25
M54 541.628 93.75 636.628 31.25
M55 71.51 250 82.51 31.25
M56 424.128 250 470.128 31.25
M57 730.962 468.75 794.962 31.25
M58 565.266 125 659.266 31.25
M59 464.842 468.75 506.842 31.25
M60 737.267 156.25 784.267 31.25
M61 165.661 0 208.661 31.25
M62 130.644 93.75 192.644 31.25
M63 432.294 62.5 503.294 31.25
M64 135.843 93.75 182.843 31.25
M65 691.709 187.5 792.709 31.25
M66 872.077 375 976.077 31.25
M67 495.865 0 531.865 31.25
M68 518.007 250 609.007 31.25
M69 307.164 93.75 320.164 31.25
M70 470.589 250 523.589 31.25
M71 248.943 531.25 296.943 31.25
M72 707.941 187.5 813.941 31.25
M73 54.9036 0 74.9036 31.25
M74 333.983 250 389.983 31.25
M75 47.0751 312.5 61.0751 31.25
M76 877.025 125 974.025 31.25
M77 426.015 562.5 462.015 31.25
M78 143.319 531.25 160.319 31.25
M79 80.7731 312.5 151.773 31.25
M80 722.945 375 820.945 31.25
M81 877.7 343.75 964.7 31.25
M82 644.636 250 707.636 31.25
M83 388.571 531.25 406.571 31.25
M84 558.043 562.5 583.043 31.25
M85 557.502 218.75 663.502 31.25
M86 530.693 562.5 586.693 31.25
M87 585.5 0 619.5 31.25
M88 596.691 406.25 666.691 31.25
M89 57.3742 187.5 107.374 31.25
M90 769.713 62.5 804.713 31.25
M91 509.581 437.5 556.581 31.25
M92 526.234 343.75 635.234 31.25
M93 821.516 187.5 930.516 31.25
M94 102.52 593.75 128.52 31.25
M95 190.766 562.5 247.766 31.25
M96 557.009 0 590.009 31.25
M97 557.183 500 575.183 31.25
M98 415.288 156.25 452.288 31.25
M99 430.724 93.75 528.724 31.25
M100 164.197 500 205.197 31.25
M101 476.145 250 568.145 31.25
M102 159.261 531.25 220.261 31.25
M103 304.958 281.25 330.958 31.25
M104 334.339 218.75 388.339 31.25
M105 382.872 187.5 490.872 31.25
M106 571.098 93.75 648.098 31.25
M107 874.432 312.5 979.432 31.25
M108 486.952 531.25 497.952 31.25
M109 406.139 0 421.139 31.25
M110 714.541 562.5 756.541 31.25
M111 62.8545 312.5 89.8545 31.25
M112 520.527 218.75 605.527 31.25
M113 187.522 343.75 205.522 31.25
M114 760.025 500 845.025 31.25
M115 651.908 62.5 703.908 31.25
M116 164.42 93.75 237.42 31.25
M117 873.624 250 981.624 31.25
M118 578.158 31.25 636.158 31.25
M119 306.374 156.25 321.374 31.25
M120 269.064 562.5 321.064 31.25
M121 72.8605 406.25 117.86 31.25
M122 94.1974 218.75 107.197 31.25
M123 429.285 406.25 466.285 31.25
M124 540.46 468.75 619.46 31.25
M125 500.87 93.75 554.87 31.25
M126 196.098 31.25 207.098 31.25
M127 501.942 281.25 601.942 31.25
M128 481.793 31.25 508.793 31.25
M129 374.214 218.75 449.214 31.25
M130 237.178 0 307.178 31.25
M131 600.877 562.5 632.877 31.25
M132 660.378 187.5 754.378 31.25
M133 54.8922 500 72.8922 31.25
M134 876.217 187.5 975.217 31.25
M135 43.5986 31.25 71.5986 31.25
M136 180.634 468.75 269.634 31.25
M137 865.453 93.75 939.453 31.25
M138 709.566 500 754.566 31.25
M139 145.9 125 235.9 31.25
M140 532.581 187.5 636.581 31.25
M141 57.4044 312.5 68.4044 31.25
M142 768.468 406.25 871.468 31.25
M143 755.339 125 811.339 31.25
M144 202.052 437.5 305.052 31.25
M145 434.313 62.5 492.313 31.25
M146 853.604 281.25 906.604 31.25
M147 90.404 343.75 160.404 31.25
M148 616.183 531.25 652.183 31.25
M149 531.852 500 610.852 31.25
M150 62.6197 250 78.6197 31.25
M151 288.202 93.75 390.202 31.25
M152 212.605 62.5 270.605 31.25
M153 871.034 0 936.034 31.25
M154 97.327 250 109.327 31.25
M155 391.044 437.5 499.044 31.25
M156 409.954 281.25 492.954 31.25
M157 471.382 62.5 513.382 31.25
M158 284.889 531.25 362.889 31.25
M159 64.044 31.25 101.044 31.25
M160 161.146 187.5 265.146 31.25
M161 803.448 156.25 854.448 31.25
M162 387.066 375 487.066 31.25
M163 708.649 593.75 757.649 31.25
M164 227.783 31.25 251.783 31.25
M165 705.787 250 754.787 31.25
M166 655.366 406.25 743.366 31.25
M167 838.61 562.5 921.61 31.25
M168 292.881 531.25 338.881 31.25
M169 483.562 156.25 575.562 31.25
M170 629.956 187.5 724.956 31.25
M171 156.656 406.25 245.656 31.25
M172 398.893 468.75 483.893 31.25
M173 474.093 0 510.093 31.25
M174 575.039 343.75 679.039 31.25
M175 600.526 375 692.526 31.25
M176 47.8345 437.5 85.8345 31.25
M177 500.743 468.75 586.743 31.25
M178 173.128 281.25 256.128 31.25
M179 874.795 531.25 950.795 31.25
M180 560.886 343.75 658.886 31.25
M181 123.332 31.25 174.332 31.25
M182 71.1462 500 108.146 31.25
M183 365.139 31.25 439.139 31.25
M184 447.849 0 479.849 31.25
M185 468.449 562.5 518.449 31.25
M186 747.27 437.5 839.27 31.25
M187 67.0484 31.25 108.048 31.25
M188 496.06 0 539.06 31.25
M189 607.404 312.5 682.404 31.25
M190 104.584 500 156.584 31.25
M191 794.707 218.75 850.707 31.25
M192 157.112 468.75 194.112 31.25
M193 647.644 562.5 698.644 31.25
M194 153.375 375 173.375 31.25
M195 121.374 0 133.374 31.25
M196 338.079 312.5 431.079 31.25
M197 242.024 218.75 302.024 31.25
M198 148.711 562.5 164.711 31.25
M199 635.071 125 729.071 31.25
M200 89.4606 125 152.461 31.25
M201 752.419 250 830.419 31.25
M202 454.782 62.5 527.782 31.25
M203 775.655 0 846.655 31.25
M204 865.188 250 973.188 31.25
M205 595.471 0 613.471 31.25
M206 871.421 250 955.421 31.25
M207 858.433 281.25 940.433 31.25
M208 479.978 281.25 563.978 31.25
M209 48.1695 500 61.1695 31.25
M210 68.3362 468.75 110.336 31.25
M211 127.764 0 140.764 31.25
M212 680.179 343.75 778.179 31.25
M213 753.082 375 850.082 31.25
M214 859.057 0 923.057 31.25
M215 80.9126 562.5 111.913 31.25
M216 261.309 156.25 370.309 31.25
M217 395.921 562.5 446.921 31.25
M218 324.063 375 431.063 31.25
M219 366.536 93.75 455.536 31.25
M220 269.687 312.5 377.687 31.25
M221 595.188 562.5 630.188 31.25
M222 352.158 156.25 453.158 31.25
M223 473.722 562.5 497.722 31.25
M224 510.698 531.25 521.698 31.25
M225 70.7909 281.25 104.791 31.25
M226 816.395 468.75 921.395 31.25
M227 234.962 218.75 309.962 31.25
M228 87.1947 531.25 131.195 31.25
M229 597.854 62.5 664.854 31.25
M230 316.99 375 340.99 31.25
M231 791.527 531.25 873.527 31.25
M232 525.886 218.75 547.886 31.25
M233 334.923 562.5 373.923 31.25
M234 407.402 250 510.402 31.25
M235 537.68 125 588.68 31.25
M236 236.799 31.25 316.799 31.25
M237 734.986 281.25 820.986 31.25
M238 382.001 562.5 405.001 31.25
M239 588.825 562.5 639.825 31.25
M240 679.983 62.5 741.983 31.25
M241 100.684 281.25 125.684 31.25
M242 98.9254 375 181.925 31.25
M243 328.717 437.5 417.717 31.25
M244 755.99 62.5 847.99 31.25
M245 863.713 375 966.713 31.25
M246 113.861 218.75 196.861 31.25
M247 831.945 93.75 914.945 31.25
M248 539.838 62.5 586.838 31.25
M249 168.105 468.75 197.105 31.25
M250 503.177 406.25 601.177 31.25
M251 686.226 218.75 788.226 31.25
M252 78.2308 0 106.231 31.25
M253 218.348 0 265.348 31.25
M254 278.214 0 328.214 31.25
M255 58.1354 562.5 77.1354 31.25
M256 411.874 500 443.874 31.25
M257 750.62 0 774.62 31.25
M258 136.836 281.25 194.836 31.25
M259 189.525 468.75 216.525 31.25
M260 552.552 31.25 580.552 31.25
M261 180.173 593.75 196.173 31.25
M262 782.192 343.75 891.192 31.25
M263 852.793 31.25 923.793 31.25
M264 198.439 375 306.439 31.25
M265 818.051 31.25 861.051 31.25
M266 710.055 93.75 806.055 31.25
M267 492.057 375 596.057 31.25
M268 416.364 31.25 449.364 31.25
M269 116.126 562.5 142.126 31.25
M270 134.295 312.5 210.295 31.25
M271 82.7795 437.5 138.78 31.25
M272 808.337 125 898.337 31.25
M273 686.487 312.5 791.487 31.25
M274 862.995 62.5 933.995 31.25
M275 162.025 593.75 179.025 31.25
M276 498.898 62.5 542.898 31.25
M277 236.653 531.25 249.653 31.25
M278 253.39 437.5 356.39 31.25
M279 494.966 156.25 594.966 31.25
M280 259.174 343.75 367.174 31.25
M281 720.129 218.75 763.129 31.25
M282 496.882 531.25 539.882 31.25
M283 95.2764 31.25 118.276 31.25
M284 221.993 250 280.993 31.25
M285 83.8683 156.25 116.868 31.25
M286 215.293 531.25 275.293 31.25
M287 80.5789 375 137.579 31.25
M288 433.276 187.5 527.276 31.25
M289 499.055 593.75 510.055 31.25
M290 357.895 62.5 436.895 31.25
M291 387.06 312.5 469.06 31.25
M292 93.8932 187.5 163.893 31.25
M293 735.659 0 763.659 31.25
M294 426.774 0 452.774 31.25
M295 626.134 468.75 708.134 31.25
M296 487.289 406.25 585.289 31.25
M297 200.375 93.75 293.375 31.25
M298 213.582 312.5 312.582 31.25
M299 407.445 156.25 517.445 31.25
M300 479.125 218.75 537.125 31.25
M301 498.968 437.5 514.968 31.25
M302 725.055 406.25 821.055 31.25
M303 112.724 187.5 150.724 31.25
M304 63.6062 281.25 84.6062 31.25
M305 474.934 125 517.934 31.25
M306 544.909 156.25 608.909 31.25
M307 520.592 562.5 544.592 31.25
M308 624.907 500 670.907 31.25
M309 132.432 593.75 148.432 31.25
M310 560.972 375 605.972 31.25
M311 624.61 156.25 673.61 31.25
M312 353.814 0 374.814 31.25
M313 264.311 468.75 367.311 31.25
M314 665.94 31.25 695.94 31.25
M315 342.683 593.75 363.683 31.25
M316 783.06 281.25 877.06 31.25
M317 285.936 250 367.936 31.25
M318 475.858 31.25 516.858 31.25
M319 681.794 500 745.794 31.25
M320 52.3415 500 75.3415 31.25
M321 408.448 62.5 444.448 31.25
M322 106.058 0 127.058 31.25
M323 654.359 250 727.359 31.25
M324 669.614 125 748.614 31.25
M325 78.9842 437.5 127.984 31.25
M326 135.935 0 178.935 31.25
M327 724.197 468.75 784.197 31.25
M328 59.4293 93.75 107.429 31.25
M329 671.505 0 709.505 31.25
M330 861.821 562.5 942.821 31.25
M331 338.463 531.25 410.463 31.25
M332 582.621 31.25 641.621 31.25
M333 319.74 0 365.74 31.25
M334 685.761 468.75 767.761 31.25
M335 401.265 593.75 413.265 31.25
M336 438.421 312.5 485.421 31.25
M337 129.298 437.5 195.298 31.25
M338 109.989 281.25 140.989 31.25
M339 198.576 62.5 275.576 31.25
M340 171.211 0 209.211 31.25
M341 668.128 593.75 706.128 31.25
M342 805.247 500 893.247 31.25
M343 512.689 31.25 530.689 31.25
M344 522.578 312.5 630.578 31.25
M345 266.697 125 374.697 31.25
M346 274.274 375 300.274 31.25
M347 353.488 500 428.488 31.25
M348 877.313 437.5 954.313 31.25
M349 163.932 125 250.932 31.25
M350 133.033 531.25 150.033 31.25
M351 185.113 468.75 271.113 31.25
M352 120.232 125 199.232 31.25
M353 698.134 531.25 733.134 31.25
M354 505.752 156.25 525.752 31.25
M355 397.197 375 429.197 31.25
M356 50.6471 437.5 66.6471 31.25
M357 398.094 125 483.094 31.25
M358 66.907 375 130.907 31.25
M359 84.2938 250 148.294 31.25
M360 124.794 406.25 211.794 31.25
M361 45.6762 250 64.6762 31.25
M362 358.645 0 382.645 31.25
M363 369.259 468.75 445.259 31.25
M364 700.38 31.25 760.38 31.25
M365 353.844 437.5 376.844 31.25
M366 367.753 187.5 467.753 31.25
M367 525.392 531.25 600.392 31.25
M368 692.959 218.75 796.959 31.25
M369 149.554 31.25 194.554 31.25
M370 351.776 0 363.776 31.25
M371 202.673 250 297.673 31.25
M372 47.0751 312.5 61.0751 31.25
M373 417.568 343.75 525.568 31.25
M374 589.393 31.25 608.393 31.25
M375 757.263 250 839.263 31.25
M376 93.0806 437.5 148.081 31.25
M377 74.141 62.5 129.141 31.25
M378 532.475 0 543.475 31.25
M379 78.198 562.5 94.198 31.25
M380 84.1464 187.5 118.146 31.25
M381 311.039 531.25 375.039 31.25
M382 177.809 187.5 253.809 31.25
M383 527.817 31.25 569.817 31.25
M384 45.7976 156.25 70.7976 31.25
M385 429.537 250 492.537 31.25
M386 421.388 593.75 467.388 31.25
M387 116.541 250 202.541 31.25
M388 646.196 281.25 729.196 31.25
M389 850.942 312.5 960.942 31.25
M390 831.034 0 904.034 31.25
M391 764.163 187.5 874.163 31.25
M392 732.439 31.25 811.439 31.25
M393 203.741 343.75 312.741 31.25
M394 823.548 500 918.548 31.25
M395 417.434 531.25 465.434 31.25
M396 564.485 312.5 603.485 31.25
M397 509.21 0 540.21 31.25
M398 369.42 562.5 434.42 31.25
M399 50.7567 343.75 98.7567 31.25
