M0 98.9765 281.25 131.976 31.25
M1 0 156.25 11 31.25
M2 485.253 500 546.253 31.25
M3 316.014 250 395.014 31.25
M4 921 250 1000 31.25
M5 426.814 500 507.814 31.25
M6 278.957 406.25 373.957 31.25
M7 779.402 562.5 859.402 31.25
M8 67.0951 187.5 146.095 31.25
M9 247.708 62.5 304.708 31.25
M10 371.724 562.5 394.724 31.25
M11 349.43 0 390.43 31.25
M12 656.065 531.25 735.065 31.25
M13 0 531.25 12 31.25
M14 115.97 218.75 198.97 31.25
M15 174.165 531.25 253.165 31.25
M16 739.453 62.5 824.453 31.25
M17 438.22 562.5 465.22 31.25
M18 126.292 437.5 221.292 31.25
M19 640.103 218.75 703.103 31.25
M20 0 218.75 48 31.25
M21 428.342 125 532.342 31.25
M22 920 562.5 1000 31.25
M23 767.687 531.25 819.687 31.25
M24 846.611 406.25 955.611 31.25
M25 818.191 500 874.191 31.25
M26 145.053 343.75 240.053 31.25
M27 393.436 531.25 470.436 31.25
M28 129.678 468.75 161.678 31.25
M29 365.068 406.25 466.068 31.25
M30 734.702 0 761.702 31.25
M31 890 437.5 1000 31.25
M32 0 468.75 24 31.25
M33 481.513 281.25 536.513 31.25
M34 598.468 250 649.468 31.25
M35 0 62.5 30 31.25
M36 620.421 31.25 680.421 31.25
M37 260.485 500 340.485 31.25
M38 614.226 562.5 649.226 31.25
M39 711.382 31.25 737.382 31.25
M40 272.6 218.75 342.6 31.25
M41 298.166 31.25 374.166 31.25
M42 579.523 562.5 604.523 31.25
M43 632.365 0 678.365 31.25
M44 726.324 406.25 794.324 31.25
M45 759.414 62.5 856.414 31.25
M46 237.403 406.25 346.403 31.25
M47 579.815 468.75 634.815 31.25
M48 213.261 93.75 257.261 31.25
M49 303.264 62.5 323.264 31.25
M50 276.122 0 297.122 31.25
M51 3.73442 500 20.7344 31.25
M52 604.383 437.5 663.383 31.25
M53 73.8849 437.5 131.885 31.25
M54 541.592 93.75 636.592 31.25
M55 23.6212 250 34.6212 31.25
M56 420.786 250 466.786 31.25
M57 755.696 468.75 819.696 31.25
M58 572.714 125 666.714 31.25
M59 452.3 406.25 494.3 31.25
M60 757.326 156.25 804.326 31.25
M61 134.101 0 177.101 31.25
M62 86.8736 62.5 148.874 31.25
M63 423.721 125 494.721 31.25
M64 86.9381 125 133.938 31.25
M65 711.8 187.5 812.8 31.25
M66 896 375 1000 31.25
M67 488.333 0 524.333 31.25
M68 514.798 250 605.798 31.25
M69 281.03 0 294.03 31.25
M70 455.985 281.25 508.985 31.25
M71 210.399 593.75 258.399 31.25
M72 732.483 187.5 838.483 31.25
M73 0 0 20 31.25
M74 311.65 281.25 367.65 31.25
M75 0 312.5 14 31.25
M76 903 125 1000 31.25
M77 420.143 593.75 456.143 31.25
M78 99.1338 468.75 116.134 31.25
M79 33.0615 312.5 104.061 31.25
M80 749.958 406.25 847.958 31.25
M81 913 343.75 1000 31.25
M82 658.098 250 721.098 31.25
M83 354.063 500 372.063 31.25
M84 555.021 562.5 580.021 31.25
M85 562.581 218.75 668.581 31.25
M86 532.249 593.75 588.249 31.25
M87 589.737 0 623.737 31.25
M88 604.615 406.25 674.615 31.25
M89 5.59645 187.5 55.5964 31.25
M90 806.18 93.75 841.18 31.25
M91 502.892 468.75 549.892 31.25
M92 525.309 281.25 634.309 31.25
M93 871.963 218.75 980.963 31.25
M94 87.1829 593.75 113.183 31.25
M95 157.447 531.25 214.447 31.25
M96 560.898 0 593.898 31.25
M97 550.007 468.75 568.007 31.25
M98 404.388 62.5 441.388 31.25
M99 422.951 62.5 520.951 31.25
M100 118.99 500 159.99 31.25
M101 465.794 250 557.794 31.25
M102 114.982 562.5 175.982 31.25
M103 276.219 281.25 302.219 31.25
M104 311.076 218.75 365.076 31.25
M105 365.938 156.25 473.938 31.25
M106 577.929 62.5 654.929 31.25
M107 895 312.5 1000 31.25
M108 470.432 531.25 481.432 31.25
M109 374.401 0 389.401 31.25
M110 737.007 562.5 779.007 31.25
M111 11.1512 343.75 38.1512 31.25
M112 516.677 218.75 601.677 31.25
M113 148.876 375 166.876 31.25
M114 794.291 468.75 879.291 31.25
M115 664.365 62.5 716.365 31.25
M116 124.564 0 197.564 31.25
M117 892 187.5 1000 31.25
M118 581.028 0 639.028 31.25
M119 278.243 218.75 293.243 31.25
M120 241.238 531.25 293.238 31.25
M121 22.925 437.5 67.925 31.25
M122 46.5528 281.25 59.5528 31.25
M123 422.854 406.25 459.854 31.25
M124 539.848 437.5 618.848 31.25
M125 492.953 125 546.953 31.25
M126 157.373 62.5 168.373 31.25
M127 496.876 281.25 596.876 31.25
M128 468.401 93.75 495.401 31.25
M129 349.047 250 424.047 31.25
M130 207.463 0 277.463 31.25
M131 600.81 531.25 632.81 31.25
M132 676.982 187.5 770.982 31.25
M133 0.242393 468.75 18.2424 31.25
M134 901 187.5 1000 31.25
M135 0 31.25 28 31.25
M136 143.589 437.5 232.589 31.25
M137 926 156.25 1000 31.25
M138 727.733 500 772.733 31.25
M139 104.012 125 194.012 31.25
M140 531.901 187.5 635.901 31.25
M141 0 281.25 11 31.25
M142 798.95 375 901.95 31.25
M143 784.724 125 840.724 31.25
M144 166.624 468.75 269.624 31.25
M145 427.406 93.75 485.406 31.25
M146 892.142 343.75 945.142 31.25
M147 42.8371 343.75 112.837 31.25
M148 626.784 531.25 662.784 31.25
M149 530.893 500 609.893 31.25
M150 8.78664 281.25 24.7866 31.25
M151 262.566 93.75 364.566 31.25
M152 169.85 62.5 227.85 31.25
M153 935 0 1000 31.25
M154 52.6115 250 64.6115 31.25
M155 376.967 437.5 484.967 31.25
M156 400.269 343.75 483.269 31.25
M157 457.232 93.75 499.232 31.25
M158 259.795 593.75 337.795 31.25
M159 10.4472 0 47.4472 31.25
M160 121.93 156.25 225.93 31.25
M161 838.09 93.75 889.09 31.25
M162 372.101 312.5 472.101 31.25
M163 714.432 593.75 763.432 31.25
M164 178.605 31.25 202.605 31.25
M165 725.724 250 774.724 31.25
M166 670.257 406.25 758.257 31.25
M167 879.506 562.5 962.506 31.25
M168 267.223 531.25 313.223 31.25
M169 473.51 218.75 565.51 31.25
M170 643.43 187.5 738.43 31.25
M171 116.631 375 205.631 31.25
M172 388.779 468.75 473.779 31.25
M173 463.361 0 499.361 31.25
M174 585.476 375 689.476 31.25
M175 611.969 343.75 703.969 31.25
M176 0 437.5 38 31.25
M177 495.361 468.75 581.361 31.25
M178 133.862 281.25 216.862 31.25
M179 924 500 1000 31.25
M180 565.335 281.25 663.335 31.25
M181 72.9134 31.25 123.913 31.25
M182 19.7621 531.25 56.7621 31.25
M183 340.506 62.5 414.506 31.25
M184 436.565 0 468.565 31.25
M185 465.906 593.75 515.906 31.25
M186 778.94 437.5 870.94 31.25
M187 17.4158 31.25 58.4158 31.25
M188 489.882 0 532.882 31.25
M189 620.29 312.5 695.29 31.25
M190 57.9939 500 109.994 31.25
M191 831.051 187.5 887.051 31.25
M192 111.756 531.25 148.756 31.25
M193 663.258 562.5 714.258 31.25
M194 107.349 312.5 127.349 31.25
M195 71.9226 0 83.9226 31.25
M196 312.997 343.75 405.997 31.25
M197 211.559 218.75 271.559 31.25
M198 105.516 531.25 121.516 31.25
M199 649.77 156.25 743.77 31.25
M200 42.284 125 105.284 31.25
M201 783.681 218.75 861.681 31.25
M202 444.416 31.25 517.416 31.25
M203 810.676 0 881.676 31.25
M204 892 281.25 1000 31.25
M205 599.698 31.25 617.698 31.25
M206 916 343.75 1000 31.25
M207 918 343.75 1000 31.25
M208 470.076 312.5 554.076 31.25
M209 0 500 13 31.25
M210 17.1102 500 59.1102 31.25
M211 81.5117 0 94.5117 31.25
M212 697.107 375 795.107 31.25
M213 787.104 375 884.104 31.25
M214 930.652 0 994.652 31.25
M215 46.7958 593.75 77.7958 31.25
M216 233.005 156.25 342.005 31.25
M217 374.382 562.5 425.382 31.25
M218 298.327 375 405.327 31.25
M219 345.97 125 434.97 31.25
M220 243.816 312.5 351.816 31.25
M221 591.607 562.5 626.607 31.25
M222 329.953 187.5 430.953 31.25
M223 462.932 562.5 486.932 31.25
M224 499.414 562.5 510.414 31.25
M225 21.6311 281.25 55.6311 31.25
M226 861.701 468.75 966.701 31.25
M227 203.643 281.25 278.643 31.25
M228 39.4526 562.5 83.4526 31.25
M229 607.99 93.75 674.99 31.25
M230 281.641 375 305.641 31.25
M231 825.373 531.25 907.373 31.25
M232 516.991 156.25 538.991 31.25
M233 320.205 500 359.205 31.25
M234 395.249 312.5 498.249 31.25
M235 529.55 125 580.55 31.25
M236 207.467 31.25 287.467 31.25
M237 762.373 281.25 848.373 31.25
M238 350.09 562.5 373.09 31.25
M239 589.807 500 640.807 31.25
M240 695.991 31.25 757.991 31.25
M241 50.8929 218.75 75.8929 31.25
M242 52.6666 375 135.667 31.25
M243 300.366 437.5 389.366 31.25
M244 788.918 0 880.918 31.25
M245 897 375 1000 31.25
M246 68.3702 218.75 151.37 31.25
M247 873.307 62.5 956.307 31.25
M248 532.798 62.5 579.798 31.25
M249 122.876 468.75 151.876 31.25
M250 500.178 406.25 598.178 31.25
M251 704.606 218.75 806.606 31.25
M252 30.6701 0 58.6701 31.25
M253 172.513 0 219.513 31.25
M254 249.982 31.25 299.982 31.25
M255 5.91704 562.5 24.917 31.25
M256 398.574 500 430.574 31.25
M257 771.402 0 795.402 31.25
M258 90.8465 343.75 148.847 31.25
M259 152.445 187.5 179.445 31.25
M260 546.25 31.25 574.25 31.25
M261 170.122 593.75 186.122 31.25
M262 812.03 343.75 921.03 31.25
M263 913.624 31.25 984.624 31.25
M264 163.954 406.25 271.954 31.25
M265 850.756 31.25 893.756 31.25
M266 733.442 93.75 829.442 31.25
M267 484.889 343.75 588.889 31.25
M268 402.717 0 435.717 31.25
M269 70.7155 531.25 96.7155 31.25
M270 91.8402 281.25 167.84 31.25
M271 35.1146 437.5 91.1146 31.25
M272 837.677 125 927.677 31.25
M273 705.284 312.5 810.284 31.25
M274 929 93.75 1000 31.25
M275 149.756 593.75 166.756 31.25
M276 492.366 93.75 536.366 31.25
M277 209.966 593.75 222.966 31.25
M278 221.999 437.5 324.999 31.25
M279 488.771 156.25 588.771 31.25
M280 230.704 343.75 338.704 31.25
M281 741.283 156.25 784.283 31.25
M282 482.984 531.25 525.984 31.25
M283 50.8352 62.5 73.8352 31.25
M284 183.415 218.75 242.415 31.25
M285 36.2377 250 69.2377 31.25
M286 184.462 593.75 244.462 31.25
M287 32.5206 343.75 89.5206 31.25
M288 426.075 187.5 520.075 31.25
M289 492.536 593.75 503.536 31.25
M290 332.074 62.5 411.074 31.25
M291 369.146 281.25 451.146 31.25
M292 46.4977 218.75 116.498 31.25
M293 756.499 125 784.499 31.25
M294 425.397 31.25 451.397 31.25
M295 641.141 468.75 723.141 31.25
M296 478.299 437.5 576.299 31.25
M297 160.526 31.25 253.526 31.25
M298 180.608 375 279.608 31.25
M299 395.453 187.5 505.453 31.25
M300 468.25 218.75 526.25 31.25
M301 481.14 468.75 497.14 31.25
M302 752.691 468.75 848.691 31.25
M303 62.6691 62.5 100.669 31.25
M304 12.5788 312.5 33.5788 31.25
M305 461.867 125 504.867 31.25
M306 544.055 156.25 608.055 31.25
M307 512.708 562.5 536.708 31.25
M308 644.535 500 690.535 31.25
M309 98.3728 562.5 114.373 31.25
M310 563.331 437.5 608.331 31.25
M311 637.666 156.25 686.666 31.25
M312 322.115 0 343.115 31.25
M313 237.235 406.25 340.235 31.25
M314 672.849 31.25 702.849 31.25
M315 341.778 593.75 362.778 31.25
M316 813.442 250 907.442 31.25
M317 259.891 250 341.891 31.25
M318 466.26 31.25 507.26 31.25
M319 694.475 468.75 758.475 31.25
M320 0 500 23 31.25
M321 381.672 31.25 417.672 31.25
M322 57.4786 0 78.4786 31.25
M323 669.381 187.5 742.381 31.25
M324 684.781 93.75 763.781 31.25
M325 29.8033 468.75 78.8033 31.25
M326 86.8039 0 129.804 31.25
M327 747.9 468.75 807.9 31.25
M328 7.62518 156.25 55.6252 31.25
M329 682.779 0 720.779 31.25
M330 919 593.75 1000 31.25
M331 311.828 468.75 383.828 31.25
M332 586.909 31.25 645.909 31.25
M333 290.235 0 336.235 31.25
M334 702.713 437.5 784.713 31.25
M335 400.84 593.75 412.84 31.25
M336 433.121 250 480.121 31.25
M337 83.6454 437.5 149.645 31.25
M338 60.8134 281.25 91.8134 31.25
M339 157.764 125 234.764 31.25
M340 140.259 31.25 178.259 31.25
M341 670.058 593.75 708.058 31.25
M342 838.733 593.75 926.733 31.25
M343 506.7 62.5 524.7 31.25
M344 520.843 312.5 628.843 31.25
M345 238.979 125 346.979 31.25
M346 247.705 343.75 273.705 31.25
M347 328.897 531.25 403.897 31.25
M348 923 437.5 1000 31.25
M349 123.913 93.75 210.913 31.25
M350 85.1934 562.5 102.193 31.25
M351 148.673 437.5 234.673 31.25
M352 77.8241 125 156.824 31.25
M353 708.436 531.25 743.436 31.25
M354 504.329 125 524.329 31.25
M355 366.039 406.25 398.039 31.25
M356 0.0104866 406.25 16.0105 31.25
M357 382.485 93.75 467.485 31.25
M358 16.9392 406.25 80.9392 31.25
M359 36.3087 156.25 100.309 31.25
M360 80.4813 406.25 167.481 31.25
M361 0 250 19 31.25
M362 333.387 0 357.387 31.25
M363 344.3 500 420.3 31.25
M364 718.148 0 778.148 31.25
M365 341.229 406.25 364.229 31.25
M366 349.139 218.75 449.139 31.25
M367 523.766 531.25 598.766 31.25
M368 713.264 250 817.264 31.25
M369 112.472 0 157.472 31.25
M370 321.746 62.5 333.746 31.25
M371 165.109 250 260.109 31.25
M372 0 312.5 14 31.25
M373 406.892 375 514.892 31.25
M374 592.129 93.75 611.129 31.25
M375 790.428 250 872.428 31.25
M376 46.6552 468.75 101.655 31.25
M377 26.6168 93.75 81.6168 31.25
M378 530.889 0 541.889 31.25
M379 23.8255 562.5 39.8255 31.25
M380 36.9903 187.5 70.9903 31.25
M381 288.662 562.5 352.662 31.25
M382 139.401 187.5 215.401 31.25
M383 515.659 31.25 557.659 31.25
M384 0 125 25 31.25
M385 422.776 281.25 485.776 31.25
M386 420.439 593.75 466.439 31.25
M387 73.1051 250 159.105 31.25
M388 661.227 281.25 744.227 31.25
M389 890 281.25 1000 31.25
M390 860.929 0 933.929 31.25
M391 795.196 156.25 905.196 31.25
M392 760.774 31.25 839.774 31.25
M393 170.484 375 279.484 31.25
M394 865.739 531.25 960.739 31.25
M395 408.097 562.5 456.097 31.25
M396 567.861 343.75 606.861 31.25
M397 504.535 0 535.535 31.25
M398 353.408 593.75 418.408 31.25
M399 0 375 48 31.25
