M0 98.9309 281.25 131.931 31.25
M1 0 156.25 11 31.25
M2 485.147 500 546.147 31.25
M3 316.618 187.5 395.618 31.25
M4 921 250 1000 31.25
M5 426.818 500 507.818 31.25
M6 278.847 406.25 373.847 31.25
M7 780.319 562.5 860.319 31.25
M8 66.7487 187.5 145.749 31.25
M9 248.038 62.5 305.038 31.25
M10 369.286 531.25 392.286 31.25
M11 352.481 0 393.481 31.25
M12 655.265 531.25 734.265 31.25
M13 0 531.25 12 31.25
M14 116.713 218.75 199.713 31.25
M15 176.659 531.25 255.659 31.25
M16 738.959 62.5 823.959 31.25
M17 437.1 562.5 464.1 31.25
M18 128.112 437.5 223.112 31.25
M19 639.752 250 702.752 31.25
M20 0 218.75 48 31.25
M21 428.873 156.25 532.873 31.25
M22 920 562.5 1000 31.25
M23 767.837 531.25 819.837 31.25
M24 845.832 375 954.832 31.25
M25 821.372 500 877.372 31.25
M26 146.934 343.75 241.934 31.25
M27 394.22 531.25 471.22 31.25
M28 130.665 468.75 162.665 31.25
M29 365.55 406.25 466.55 31.25
M30 734.264 0 761.264 31.25
M31 890 437.5 1000 31.25
M32 0.017835 437.5 24.0178 31.25
M33 481.034 312.5 536.034 31.25
M34 597.541 250 648.541 31.25
M35 0 62.5 30 31.25
M36 619.52 31.25 679.52 31.25
M37 261.186 500 341.186 31.25
M38 611.878 562.5 646.878 31.25
M39 711.894 31.25 737.894 31.25
M40 273.019 218.75 343.019 31.25
M41 299.232 31.25 375.232 31.25
M42 578.883 562.5 603.883 31.25
M43 632.362 0 678.362 31.25
M44 726.546 406.25 794.546 31.25
M45 759.796 62.5 856.796 31.25
M46 238.215 406.25 347.215 31.25
M47 577.629 468.75 632.629 31.25
M48 215.62 93.75 259.62 31.25
M49 303.596 62.5 323.596 31.25
M50 278.36 0 299.36 31.25
M51 2.20611 500 19.2061 31.25
M52 603.345 437.5 662.345 31.25
M53 74.076 437.5 132.076 31.25
M54 540.065 93.75 635.065 31.25
M55 24.884 250 35.884 31.25
M56 422.697 250 468.697 31.25
M57 756.008 468.75 820.008 31.25
M58 571.521 125 665.521 31.25
M59 452.146 406.25 494.146 31.25
M60 756.087 156.25 803.087 31.25
M61 135.826 0 178.826 31.25
M62 87.5484 62.5 149.548 31.25
M63 424.061 125 495.061 31.25
M64 86.1171 156.25 133.117 31.25
M65 711.532 187.5 812.532 31.25
M66 896 406.25 1000 31.25
M67 487.561 31.25 523.561 31.25
M68 513.976 250 604.976 31.25
M69 282.736 0 295.736 31.25
M70 453.9 281.25 506.9 31.25
M71 210.621 593.75 258.621 31.25
M72 732.636 187.5 838.636 31.25
M73 0 0 20 31.25
M74 312.894 281.25 368.894 31.25
M75 0 312.5 14 31.25
M76 903 125 1000 31.25
M77 420.097 593.75 456.097 31.25
M78 100.129 468.75 117.129 31.25
M79 33.4799 312.5 104.48 31.25
M80 750.697 406.25 848.697 31.25
M81 913 343.75 1000 31.25
M82 657.083 218.75 720.083 31.25
M83 353.657 468.75 371.657 31.25
M84 553.502 562.5 578.502 31.25
M85 560.7 218.75 666.7 31.25
M86 532.249 593.75 588.249 31.25
M87 588.582 0 622.582 31.25
M88 602.964 406.25 672.964 31.25
M89 4.68634 187.5 54.6863 31.25
M90 807.47 62.5 842.47 31.25
M91 502.164 468.75 549.164 31.25
M92 524.309 281.25 633.309 31.25
M93 874.822 218.75 983.822 31.25
M94 87.2159 593.75 113.216 31.25
M95 160.771 531.25 217.771 31.25
M96 560.595 31.25 593.595 31.25
M97 548.019 468.75 566.019 31.25
M98 407.279 62.5 444.279 31.25
M99 422.983 62.5 520.983 31.25
M100 119.528 500 160.528 31.25
M101 465.124 281.25 557.124 31.25
M102 113.974 562.5 174.974 31.25
M103 278.559 281.25 304.559 31.25
M104 312.125 218.75 366.125 31.25
M105 366.053 156.25 474.053 31.25
M106 576.616 62.5 653.616 31.25
M107 895 312.5 1000 31.25
M108 469.145 468.75 480.145 31.25
M109 374.005 31.25 389.005 31.25
M110 738.696 562.5 780.696 31.25
M111 11.3765 343.75 38.3765 31.25
M112 515.709 218.75 600.709 31.25
M113 149.132 375 167.132 31.25
M114 796.682 468.75 881.682 31.25
M115 663.432 62.5 715.432 31.25
M116 125.685 0 198.685 31.25
M117 892 187.5 1000 31.25
M118 577.889 0 635.889 31.25
M119 280.166 218.75 295.166 31.25
M120 241.336 562.5 293.336 31.25
M121 23.2704 437.5 68.2704 31.25
M122 46.552 281.25 59.552 31.25
M123 422.908 406.25 459.908 31.25
M124 537.938 437.5 616.938 31.25
M125 492.918 125 546.918 31.25
M126 157.588 62.5 168.588 31.25
M127 496.086 250 596.086 31.25
M128 467.202 93.75 494.202 31.25
M129 349.058 250 424.058 31.25
M130 209.176 0 279.176 31.25
M131 597.726 531.25 629.726 31.25
M132 677.072 187.5 771.072 31.25
M133 0 500 18 31.25
M134 901 187.5 1000 31.25
M135 0 31.25 28 31.25
M136 145.585 437.5 234.585 31.25
M137 926 156.25 1000 31.25
M138 727.457 500 772.457 31.25
M139 104.345 125 194.345 31.25
M140 530.818 187.5 634.818 31.25
M141 0 281.25 11 31.25
M142 798.233 375 901.233 31.25
M143 784.177 125 840.177 31.25
M144 167.976 468.75 270.976 31.25
M145 428.329 125 486.329 31.25
M146 886.811 156.25 939.811 31.25
M147 43.1081 343.75 113.108 31.25
M148 626.518 531.25 662.518 31.25
M149 529.5 500 608.5 31.25
M150 8.66603 281.25 24.666 31.25
M151 263.609 93.75 365.609 31.25
M152 170.318 62.5 228.318 31.25
M153 935 0 1000 31.25
M154 53.5033 250 65.5033 31.25
M155 377.376 437.5 485.376 31.25
M156 400.851 343.75 483.851 31.25
M157 455.612 93.75 497.612 31.25
M158 259.863 593.75 337.863 31.25
M159 9.65382 0 46.6538 31.25
M160 123.453 156.25 227.453 31.25
M161 840.31 93.75 891.31 31.25
M162 372.802 312.5 472.802 31.25
M163 714.448 593.75 763.448 31.25
M164 179.565 31.25 203.565 31.25
M165 726.984 250 775.984 31.25
M166 669.407 406.25 757.407 31.25
M167 877.479 562.5 960.479 31.25
M168 268.549 468.75 314.549 31.25
M169 472.612 218.75 564.612 31.25
M170 642.059 187.5 737.059 31.25
M171 117.626 375 206.626 31.25
M172 389.921 468.75 474.921 31.25
M173 463.792 0 499.792 31.25
M174 584.949 375 688.949 31.25
M175 610.993 343.75 702.993 31.25
M176 0 468.75 38 31.25
M177 495.156 468.75 581.156 31.25
M178 134.931 281.25 217.931 31.25
M179 924 531.25 1000 31.25
M180 563.292 281.25 661.292 31.25
M181 72.6155 31.25 123.615 31.25
M182 19.9558 531.25 56.9558 31.25
M183 341.204 62.5 415.204 31.25
M184 436.005 0 468.005 31.25
M185 465.902 593.75 515.902 31.25
M186 780.383 437.5 872.383 31.25
M187 17.924 31.25 58.924 31.25
M188 489.866 0 532.866 31.25
M189 619.653 312.5 694.653 31.25
M190 57.9851 500 109.985 31.25
M191 833.221 187.5 889.221 31.25
M192 112.826 531.25 149.826 31.25
M193 661.953 562.5 712.953 31.25
M194 108.08 312.5 128.08 31.25
M195 73.1336 0 85.1336 31.25
M196 313.837 343.75 406.837 31.25
M197 213.859 218.75 273.859 31.25
M198 106.008 531.25 122.008 31.25
M199 648.933 156.25 742.933 31.25
M200 43.176 125 106.176 31.25
M201 784.731 218.75 862.731 31.25
M202 443.796 31.25 516.796 31.25
M203 811.352 0 882.352 31.25
M204 892 281.25 1000 31.25
M205 598.291 31.25 616.291 31.25
M206 916 343.75 1000 31.25
M207 918 343.75 1000 31.25
M208 469.662 312.5 553.662 31.25
M209 0 500 13 31.25
M210 17.2662 500 59.2662 31.25
M211 83.2225 0 96.2225 31.25
M212 696.322 375 794.322 31.25
M213 788.939 375 885.939 31.25
M214 936 0 1000 31.25
M215 46.7958 593.75 77.7958 31.25
M216 233.267 187.5 342.267 31.25
M217 375.55 562.5 426.55 31.25
M218 299.327 375 406.327 31.25
M219 346.757 125 435.757 31.25
M220 244.659 312.5 352.659 31.25
M221 588.347 562.5 623.347 31.25
M222 330.81 187.5 431.81 31.25
M223 463.893 562.5 487.893 31.25
M224 499.304 562.5 510.304 31.25
M225 21.9931 281.25 55.9931 31.25
M226 862.85 468.75 967.85 31.25
M227 205.482 281.25 280.482 31.25
M228 39.817 562.5 83.817 31.25
M229 606.827 93.75 673.827 31.25
M230 279.497 375 303.497 31.25
M231 825.817 531.25 907.817 31.25
M232 517.247 187.5 539.247 31.25
M233 324.373 468.75 363.373 31.25
M234 395.361 312.5 498.361 31.25
M235 527.733 93.75 578.733 31.25
M236 209.076 31.25 289.076 31.25
M237 762.453 281.25 848.453 31.25
M238 350.555 562.5 373.555 31.25
M239 587.712 500 638.712 31.25
M240 695.919 31.25 757.919 31.25
M241 50.4945 218.75 75.4945 31.25
M242 53.1633 375 136.163 31.25
M243 300.162 437.5 389.162 31.25
M244 789.35 0 881.35 31.25
M245 897 375 1000 31.25
M246 68.7239 218.75 151.724 31.25
M247 872.605 31.25 955.605 31.25
M248 531.819 62.5 578.819 31.25
M249 123.267 468.75 152.267 31.25
M250 500.018 406.25 598.018 31.25
M251 703.833 250 805.833 31.25
M252 30.7873 0 58.7873 31.25
M253 171.823 0 218.823 31.25
M254 251.005 31.25 301.005 31.25
M255 5.27477 562.5 24.2748 31.25
M256 399.922 500 431.922 31.25
M257 770.798 0 794.798 31.25
M258 90.9154 343.75 148.915 31.25
M259 153.64 218.75 180.64 31.25
M260 545.118 0 573.118 31.25
M261 170.122 593.75 186.122 31.25
M262 809.793 343.75 918.793 31.25
M263 921.795 62.5 992.795 31.25
M264 165.887 406.25 273.887 31.25
M265 852.924 62.5 895.924 31.25
M266 733.312 93.75 829.312 31.25
M267 483.819 343.75 587.819 31.25
M268 404.482 31.25 437.482 31.25
M269 71.0032 531.25 97.0032 31.25
M270 92.5247 281.25 168.525 31.25
M271 35.5446 437.5 91.5446 31.25
M272 835.521 125 925.521 31.25
M273 704.58 343.75 809.58 31.25
M274 929 93.75 1000 31.25
M275 149.756 593.75 166.756 31.25
M276 492.3 93.75 536.3 31.25
M277 213.47 593.75 226.47 31.25
M278 221.58 468.75 324.58 31.25
M279 487.854 156.25 587.854 31.25
M280 230.767 343.75 338.767 31.25
M281 742.372 156.25 785.372 31.25
M282 481.85 562.5 524.85 31.25
M283 50.9249 62.5 73.9249 31.25
M284 184.927 218.75 243.927 31.25
M285 36.4019 250 69.4019 31.25
M286 184.473 593.75 244.473 31.25
M287 32.811 343.75 89.811 31.25
M288 426.51 187.5 520.51 31.25
M289 492.259 593.75 503.259 31.25
M290 332.248 62.5 411.248 31.25
M291 369.735 281.25 451.735 31.25
M292 46.9466 218.75 116.947 31.25
M293 757.486 125 785.486 31.25
M294 427.915 31.25 453.915 31.25
M295 640.258 468.75 722.258 31.25
M296 477.417 437.5 575.417 31.25
M297 160.758 31.25 253.758 31.25
M298 182.597 375 281.597 31.25
M299 395.721 187.5 505.721 31.25
M300 467.012 218.75 525.012 31.25
M301 480.848 468.75 496.848 31.25
M302 753.496 468.75 849.496 31.25
M303 62.5818 62.5 100.582 31.25
M304 12.9266 312.5 33.9266 31.25
M305 460.799 125 503.799 31.25
M306 542.945 125 606.945 31.25
M307 512.085 562.5 536.085 31.25
M308 645.428 500 691.428 31.25
M309 97.9822 562.5 113.982 31.25
M310 561.297 437.5 606.297 31.25
M311 636.159 156.25 685.159 31.25
M312 320.64 0 341.64 31.25
M313 237.441 437.5 340.441 31.25
M314 670.815 31.25 700.815 31.25
M315 341.78 593.75 362.78 31.25
M316 812.731 250 906.731 31.25
M317 260.543 250 342.543 31.25
M318 466.832 31.25 507.832 31.25
M319 692.912 468.75 756.912 31.25
M320 0 500 23 31.25
M321 379.613 0 415.613 31.25
M322 57.1399 0 78.1399 31.25
M323 668.799 187.5 741.799 31.25
M324 684.09 93.75 763.09 31.25
M325 29.7987 468.75 78.7987 31.25
M326 86.6394 0 129.639 31.25
M327 748.322 468.75 808.322 31.25
M328 6.78989 156.25 54.7899 31.25
M329 681.426 0 719.426 31.25
M330 919 562.5 1000 31.25
M331 312.103 500 384.103 31.25
M332 584.392 31.25 643.392 31.25
M333 289.707 0 335.707 31.25
M334 702.499 437.5 784.499 31.25
M335 400.885 593.75 412.885 31.25
M336 433.67 250 480.67 31.25
M337 84.0747 437.5 150.075 31.25
M338 60.5484 281.25 91.5484 31.25
M339 158.867 125 235.867 31.25
M340 141.717 31.25 179.717 31.25
M341 670.058 593.75 708.058 31.25
M342 838.724 593.75 926.724 31.25
M343 507.211 125 525.211 31.25
M344 519.64 312.5 627.64 31.25
M345 239.144 125 347.144 31.25
M346 248.958 343.75 274.958 31.25
M347 330.607 531.25 405.607 31.25
M348 923 437.5 1000 31.25
M349 125.201 93.75 212.201 31.25
M350 85.3486 562.5 102.349 31.25
M351 150.838 437.5 236.838 31.25
M352 79.3327 125 158.333 31.25
M353 707.093 531.25 742.093 31.25
M354 505.09 125 525.09 31.25
M355 365.015 406.25 397.015 31.25
M356 0.34604 406.25 16.346 31.25
M357 382.44 93.75 467.44 31.25
M358 16.9028 406.25 80.9028 31.25
M359 36.7688 156.25 100.769 31.25
M360 80.7134 406.25 167.713 31.25
M361 0 250 19 31.25
M362 333.547 0 357.547 31.25
M363 345.258 500 421.258 31.25
M364 717.466 0 777.466 31.25
M365 343.7 406.25 366.7 31.25
M366 350.047 218.75 450.047 31.25
M367 522.888 531.25 597.888 31.25
M368 712.84 250 816.84 31.25
M369 115.52 0 160.52 31.25
M370 321.717 62.5 333.717 31.25
M371 166.044 250 261.044 31.25
M372 0 312.5 14 31.25
M373 406.439 375 514.439 31.25
M374 590.264 93.75 609.264 31.25
M375 792.225 250 874.225 31.25
M376 47.0886 468.75 102.089 31.25
M377 27.1808 93.75 82.1808 31.25
M378 532.448 0 543.448 31.25
M379 23.356 562.5 39.356 31.25
M380 37.4268 187.5 71.4268 31.25
M381 289.878 562.5 353.878 31.25
M382 140.838 187.5 216.838 31.25
M383 514.419 31.25 556.419 31.25
M384 0 125 25 31.25
M385 423.308 281.25 486.308 31.25
M386 420.436 593.75 466.436 31.25
M387 74.0393 250 160.039 31.25
M388 660.664 281.25 743.664 31.25
M389 890 281.25 1000 31.25
M390 857.931 0 930.931 31.25
M391 795.323 156.25 905.323 31.25
M392 761.099 31.25 840.099 31.25
M393 172.309 375 281.309 31.25
M394 864.047 531.25 959.047 31.25
M395 408.141 593.75 456.141 31.25
M396 567.882 343.75 606.882 31.25
M397 504.288 0 535.288 31.25
M398 353.645 562.5 418.645 31.25
M399 0 375 48 31.25
