M0 100.484 281.25 133.484 31.25
M1 0 156.25 11 31.25
M2 488.074 500 549.074 31.25
M3 318.969 281.25 397.969 31.25
M4 921 250 1000 31.25
M5 429.585 500 510.585 31.25
M6 282.712 406.25 377.712 31.25
M7 779.779 562.5 859.779 31.25
M8 68.3932 187.5 147.393 31.25
M9 251.701 62.5 308.701 31.25
M10 377.204 562.5 400.204 31.25
M11 350.23 0 391.23 31.25
M12 657.964 531.25 736.964 31.25
M13 0 531.25 12 31.25
M14 116.848 218.75 199.848 31.25
M15 175.292 500 254.292 31.25
M16 740.994 62.5 825.994 31.25
M17 440.139 562.5 467.139 31.25
M18 126.512 437.5 221.512 31.25
M19 641.464 218.75 704.464 31.25
M20 0 218.75 48 31.25
M21 430.458 125 534.458 31.25
M22 915.613 562.5 995.613 31.25
M23 769.134 531.25 821.134 31.25
M24 847.658 406.25 956.658 31.25
M25 816.924 500 872.924 31.25
M26 145.685 343.75 240.685 31.25
M27 394.895 531.25 471.895 31.25
M28 130.377 468.75 162.377 31.25
M29 367.64 406.25 468.64 31.25
M30 736.694 0 763.694 31.25
M31 890 437.5 1000 31.25
M32 0 468.75 24 31.25
M33 484.686 281.25 539.686 31.25
M34 600.159 250 651.159 31.25
M35 0 62.5 30 31.25
M36 621.972 31.25 681.972 31.25
M37 263.286 500 343.286 31.25
M38 617.651 562.5 652.651 31.25
M39 711.477 31.25 737.477 31.25
M40 276.175 218.75 346.175 31.25
M41 300.607 31.25 376.607 31.25
M42 579.641 562.5 604.641 31.25
M43 633.226 0 679.226 31.25
M44 727.577 406.25 795.577 31.25
M45 759.925 62.5 856.925 31.25
M46 240.304 406.25 349.304 31.25
M47 582.138 468.75 637.138 31.25
M48 214.202 125 258.202 31.25
M49 306.707 62.5 326.707 31.25
M50 278.923 0 299.923 31.25
M51 5.72074 531.25 22.7207 31.25
M52 606.46 437.5 665.46 31.25
M53 74.9721 437.5 132.972 31.25
M54 544.169 93.75 639.169 31.25
M55 22.6858 250 33.6858 31.25
M56 420.956 218.75 466.956 31.25
M57 756.717 468.75 820.717 31.25
M58 574.205 125 668.205 31.25
M59 455.625 437.5 497.625 31.25
M60 759.657 156.25 806.657 31.25
M61 133.337 0 176.337 31.25
M62 87.3842 62.5 149.384 31.25
M63 425.974 125 496.974 31.25
M64 88.8606 156.25 135.861 31.25
M65 713.245 187.5 814.245 31.25
M66 896 375 1000 31.25
M67 491.257 0 527.257 31.25
M68 517.388 250 608.388 31.25
M69 284.109 31.25 297.109 31.25
M70 460.448 281.25 513.448 31.25
M71 213.188 562.5 261.188 31.25
M72 733.477 187.5 839.477 31.25
M73 0 0 20 31.25
M74 313.722 281.25 369.722 31.25
M75 0 312.5 14 31.25
M76 903 93.75 1000 31.25
M77 420.642 593.75 456.642 31.25
M78 99.5486 500 116.549 31.25
M79 33.282 312.5 104.282 31.25
M80 750.508 375 848.508 31.25
M81 913 343.75 1000 31.25
M82 660.223 250 723.223 31.25
M83 357.745 562.5 375.745 31.25
M84 558.671 562.5 583.671 31.25
M85 564.752 218.75 670.752 31.25
M86 532.253 593.75 588.253 31.25
M87 591.25 0 625.25 31.25
M88 606.932 406.25 676.932 31.25
M89 6.5685 187.5 56.5685 31.25
M90 805.36 93.75 840.36 31.25
M91 505.515 468.75 552.515 31.25
M92 527.851 312.5 636.851 31.25
M93 869.705 218.75 978.705 31.25
M94 87.4677 593.75 113.468 31.25
M95 156.534 531.25 213.534 31.25
M96 561.147 0 594.147 31.25
M97 554.903 468.75 572.903 31.25
M98 404.65 62.5 441.65 31.25
M99 425.275 62.5 523.275 31.25
M100 120.39 500 161.39 31.25
M101 469.327 250 561.327 31.25
M102 116.914 562.5 177.914 31.25
M103 279.678 281.25 305.678 31.25
M104 313.391 218.75 367.391 31.25
M105 368.745 156.25 476.745 31.25
M106 579.556 62.5 656.556 31.25
M107 895 312.5 1000 31.25
M108 474.581 531.25 485.581 31.25
M109 378.57 0 393.57 31.25
M110 737.089 562.5 779.089 31.25
M111 11.5257 343.75 38.5257 31.25
M112 519.456 218.75 604.456 31.25
M113 149.244 375 167.244 31.25
M114 793.875 468.75 878.875 31.25
M115 666.711 62.5 718.711 31.25
M116 125.242 31.25 198.242 31.25
M117 892 187.5 1000 31.25
M118 583.879 0 641.879 31.25
M119 281.828 218.75 296.828 31.25
M120 244.436 531.25 296.436 31.25
M121 22.8973 437.5 67.8973 31.25
M122 46.5004 281.25 59.5004 31.25
M123 424.664 406.25 461.664 31.25
M124 542.658 468.75 621.658 31.25
M125 495.968 125 549.968 31.25
M126 158.918 62.5 169.918 31.25
M127 499.591 281.25 599.591 31.25
M128 472.172 93.75 499.172 31.25
M129 352.429 250 427.429 31.25
M130 209.374 0 279.374 31.25
M131 603.6 500 635.6 31.25
M132 678.349 156.25 772.349 31.25
M133 2.20133 468.75 20.2013 31.25
M134 901 156.25 1000 31.25
M135 0 31.25 28 31.25
M136 143.985 437.5 232.985 31.25
M137 926 156.25 1000 31.25
M138 729.181 500 774.181 31.25
M139 105.109 125 195.109 31.25
M140 534.46 187.5 638.46 31.25
M141 2.36889 281.25 13.3689 31.25
M142 801.182 375 904.182 31.25
M143 785.863 125 841.863 31.25
M144 168.567 468.75 271.567 31.25
M145 429.192 93.75 487.192 31.25
M146 895.178 343.75 948.178 31.25
M147 43.2679 343.75 113.268 31.25
M148 627.916 531.25 663.916 31.25
M149 533.581 500 612.581 31.25
M150 9.87705 281.25 25.8771 31.25
M151 265.537 93.75 367.537 31.25
M152 172.13 62.5 230.13 31.25
M153 935 0 1000 31.25
M154 51.8258 250 63.8258 31.25
M155 379.203 437.5 487.203 31.25
M156 401.954 312.5 484.954 31.25
M157 461.201 93.75 503.201 31.25
M158 262.717 562.5 340.717 31.25
M159 11.4097 0 48.4097 31.25
M160 122.601 156.25 226.601 31.25
M161 838.608 62.5 889.608 31.25
M162 374.23 343.75 474.23 31.25
M163 715.001 593.75 764.001 31.25
M164 181.077 31.25 205.077 31.25
M165 726.194 250 775.194 31.25
M166 672.209 406.25 760.209 31.25
M167 880.472 562.5 963.472 31.25
M168 270.301 531.25 316.301 31.25
M169 477.14 218.75 569.14 31.25
M170 645.588 187.5 740.588 31.25
M171 117.313 375 206.313 31.25
M172 389.828 468.75 474.828 31.25
M173 465.757 0 501.757 31.25
M174 586.649 375 690.649 31.25
M175 613.875 343.75 705.875 31.25
M176 0 437.5 38 31.25
M177 497.989 468.75 583.989 31.25
M178 134.678 281.25 217.678 31.25
M179 924 500 1000 31.25
M180 567.618 281.25 665.618 31.25
M181 74.5062 31.25 125.506 31.25
M182 19.8017 531.25 56.8017 31.25
M183 343.408 31.25 417.408 31.25
M184 440.18 0 472.18 31.25
M185 466.151 593.75 516.151 31.25
M186 779.029 437.5 871.029 31.25
M187 17.3379 31.25 58.3379 31.25
M188 492.29 0 535.29 31.25
M189 621.771 312.5 696.771 31.25
M190 58.6903 500 110.69 31.25
M191 831.093 187.5 887.093 31.25
M192 112.862 531.25 149.862 31.25
M193 665.313 562.5 716.313 31.25
M194 108.393 312.5 128.393 31.25
M195 72.8281 0 84.8281 31.25
M196 315.705 343.75 408.705 31.25
M197 213.156 218.75 273.156 31.25
M198 106.486 531.25 122.486 31.25
M199 651.542 125 745.542 31.25
M200 42.319 125 105.319 31.25
M201 783.943 218.75 861.943 31.25
M202 447.582 31.25 520.582 31.25
M203 810.942 0 881.942 31.25
M204 892 281.25 1000 31.25
M205 601.364 0 619.364 31.25
M206 916 281.25 1000 31.25
M207 918 343.75 1000 31.25
M208 473.405 312.5 557.405 31.25
M209 0 500 13 31.25
M210 17.2548 500 59.2548 31.25
M211 81.2819 0 94.2819 31.25
M212 699.092 375 797.092 31.25
M213 786.979 375 883.979 31.25
M214 918.364 0 982.364 31.25
M215 46.7975 593.75 77.7975 31.25
M216 236.622 187.5 345.622 31.25
M217 376.792 562.5 427.792 31.25
M218 301.124 375 408.124 31.25
M219 348.37 125 437.37 31.25
M220 246.86 312.5 354.86 31.25
M221 594.967 562.5 629.967 31.25
M222 332.482 187.5 433.482 31.25
M223 465.503 562.5 489.503 31.25
M224 501.739 562.5 512.739 31.25
M225 21.5452 281.25 55.5452 31.25
M226 861.187 468.75 966.187 31.25
M227 205.608 281.25 280.608 31.25
M228 39.3114 562.5 83.3114 31.25
M229 609.856 93.75 676.856 31.25
M230 287.862 343.75 311.862 31.25
M231 826.927 531.25 908.927 31.25
M232 520.493 156.25 542.493 31.25
M233 320.556 531.25 359.556 31.25
M234 397.679 281.25 500.679 31.25
M235 533.761 125 584.761 31.25
M236 209.625 31.25 289.625 31.25
M237 763.322 281.25 849.322 31.25
M238 353.32 531.25 376.32 31.25
M239 592.607 500 643.607 31.25
M240 697.365 31.25 759.365 31.25
M241 51.4258 218.75 76.4258 31.25
M242 53.2991 375 136.299 31.25
M243 304.248 468.75 393.248 31.25
M244 789.333 0 881.333 31.25
M245 897 375 1000 31.25
M246 69.2388 218.75 152.239 31.25
M247 874.565 62.5 957.565 31.25
M248 536.468 62.5 583.468 31.25
M249 124.311 468.75 153.311 31.25
M250 502.314 406.25 600.314 31.25
M251 706.455 218.75 808.455 31.25
M252 30.4465 0 58.4465 31.25
M253 175.65 0 222.65 31.25
M254 253.521 31.25 303.521 31.25
M255 7.25513 562.5 26.2551 31.25
M256 399.741 500 431.741 31.25
M257 773.35 0 797.35 31.25
M258 92.2406 343.75 150.241 31.25
M259 153.133 187.5 180.133 31.25
M260 549.986 31.25 577.986 31.25
M261 170.122 593.75 186.122 31.25
M262 815.5 343.75 924.5 31.25
M263 906.676 31.25 977.676 31.25
M264 165.436 406.25 273.436 31.25
M265 851.932 31.25 894.932 31.25
M266 734.704 93.75 830.704 31.25
M267 488.166 375 592.166 31.25
M268 403.739 0 436.739 31.25
M269 71.1839 531.25 97.1839 31.25
M270 92.4787 281.25 168.479 31.25
M271 35.127 437.5 91.127 31.25
M272 841.705 125 931.705 31.25
M273 706.997 312.5 811.997 31.25
M274 929 62.5 1000 31.25
M275 149.756 593.75 166.756 31.25
M276 494.901 93.75 538.901 31.25
M277 209.583 593.75 222.583 31.25
M278 226.211 437.5 329.211 31.25
M279 491.753 156.25 591.753 31.25
M280 234.299 375 342.299 31.25
M281 741.772 156.25 784.772 31.25
M282 486.916 531.25 529.916 31.25
M283 50.7752 62.5 73.7752 31.25
M284 184.892 250 243.892 31.25
M285 36.4209 250 69.4209 31.25
M286 184.557 593.75 244.557 31.25
M287 32.6897 343.75 89.6897 31.25
M288 428.082 187.5 522.082 31.25
M289 494.223 593.75 505.223 31.25
M290 335.312 62.5 414.312 31.25
M291 371.583 281.25 453.583 31.25
M292 46.9655 218.75 116.965 31.25
M293 757.324 125 785.324 31.25
M294 425.099 31.25 451.099 31.25
M295 642.781 468.75 724.781 31.25
M296 481.787 437.5 579.787 31.25
M297 163.013 0 256.013 31.25
M298 182.184 375 281.184 31.25
M299 397.849 156.25 507.849 31.25
M300 471.695 218.75 529.695 31.25
M301 485.798 468.75 501.798 31.25
M302 753.102 406.25 849.102 31.25
M303 63.7692 62.5 101.769 31.25
M304 12.7172 312.5 33.7172 31.25
M305 465.669 125 508.669 31.25
M306 546.259 156.25 610.259 31.25
M307 515.373 562.5 539.373 31.25
M308 644.217 500 690.217 31.25
M309 99.563 562.5 115.563 31.25
M310 565.305 437.5 610.305 31.25
M311 639.642 156.25 688.642 31.25
M312 326.859 0 347.859 31.25
M313 240.536 406.25 343.536 31.25
M314 676.421 31.25 706.421 31.25
M315 341.774 593.75 362.774 31.25
M316 815.998 250 909.998 31.25
M317 263.243 250 345.243 31.25
M318 468.517 31.25 509.517 31.25
M319 697.218 468.75 761.218 31.25
M320 0.252614 500 23.2526 31.25
M321 386.632 31.25 422.632 31.25
M322 58.2258 0 79.2258 31.25
M323 671.141 187.5 744.141 31.25
M324 686.636 93.75 765.636 31.25
M325 29.9646 468.75 78.9646 31.25
M326 88.272 0 131.272 31.25
M327 748.722 468.75 808.722 31.25
M328 8.52066 156.25 56.5207 31.25
M329 685.553 0 723.553 31.25
M330 918.733 593.75 999.733 31.25
M331 315.078 500 387.078 31.25
M332 589.57 31.25 648.57 31.25
M333 294.555 0 340.555 31.25
M334 704.422 437.5 786.422 31.25
M335 400.844 593.75 412.844 31.25
M336 434.999 250 481.999 31.25
M337 84.7381 437.5 150.738 31.25
M338 61.7265 281.25 92.7265 31.25
M339 159.272 93.75 236.272 31.25
M340 139.783 31.25 177.783 31.25
M341 670.058 593.75 708.058 31.25
M342 838.854 593.75 926.854 31.25
M343 509.551 31.25 527.551 31.25
M344 523.597 312.5 631.597 31.25
M345 242.682 125 350.682 31.25
M346 250.489 312.5 276.489 31.25
M347 331.038 531.25 406.038 31.25
M348 923 437.5 1000 31.25
M349 124.662 125 211.662 31.25
M350 86.1812 562.5 103.181 31.25
M351 149.008 468.75 235.008 31.25
M352 77.7923 93.75 156.792 31.25
M353 711.373 531.25 746.373 31.25
M354 505.173 125 525.173 31.25
M355 371.121 406.25 403.121 31.25
M356 0.303875 406.25 16.3039 31.25
M357 385.24 93.75 470.24 31.25
M358 17.3107 406.25 81.3107 31.25
M359 36.5224 156.25 100.522 31.25
M360 81.5083 406.25 168.508 31.25
M361 0 250 19 31.25
M362 336.204 0 360.204 31.25
M363 347.012 500 423.012 31.25
M364 719.767 0 779.767 31.25
M365 340.792 406.25 363.792 31.25
M366 351.39 218.75 451.39 31.25
M367 526.311 531.25 601.311 31.25
M368 714.788 250 818.788 31.25
M369 111.139 0 156.139 31.25
M370 325.523 62.5 337.523 31.25
M371 167.085 250 262.085 31.25
M372 0 281.25 14 31.25
M373 409.754 343.75 517.754 31.25
M374 594.177 31.25 613.177 31.25
M375 790.315 218.75 872.315 31.25
M376 46.8352 468.75 101.835 31.25
M377 26.4902 93.75 81.4902 31.25
M378 532.113 0 543.113 31.25
M379 24.8622 562.5 40.8622 31.25
M380 36.8056 187.5 70.8056 31.25
M381 291.08 562.5 355.08 31.25
M382 140.075 187.5 216.075 31.25
M383 520.36 31.25 562.36 31.25
M384 0 125 25 31.25
M385 424.628 250 487.628 31.25
M386 420.482 593.75 466.482 31.25
M387 73.5519 250 159.552 31.25
M388 662.91 281.25 745.91 31.25
M389 890 281.25 1000 31.25
M390 865.986 0 938.986 31.25
M391 797.01 156.25 907.01 31.25
M392 761.323 31.25 840.323 31.25
M393 172.004 375 281.004 31.25
M394 866.905 531.25 961.905 31.25
M395 409.98 531.25 457.98 31.25
M396 568.311 343.75 607.311 31.25
M397 506.919 0 537.919 31.25
M398 354.978 562.5 419.978 31.25
M399 0 375 48 31.25
