M0 99.0411 281.25 132.041 31.25
M1 0 156.25 11 31.25
M2 484.892 500 545.892 31.25
M3 316.438 250 395.438 31.25
M4 921 250 1000 31.25
M5 426.626 500 507.626 31.25
M6 278.996 406.25 373.996 31.25
M7 779.478 562.5 859.478 31.25
M8 67.1062 187.5 146.106 31.25
M9 247.733 62.5 304.733 31.25
M10 370.975 531.25 393.975 31.25
M11 350.765 0 391.765 31.25
M12 655.175 531.25 734.175 31.25
M13 0 531.25 12 31.25
M14 116.392 218.75 199.392 31.25
M15 175.232 531.25 254.232 31.25
M16 738.901 62.5 823.901 31.25
M17 437.65 562.5 464.65 31.25
M18 127.126 437.5 222.126 31.25
M19 639.35 218.75 702.35 31.25
M20 0 218.75 48 31.25
M21 428.357 156.25 532.357 31.25
M22 920 562.5 1000 31.25
M23 767.355 531.25 819.355 31.25
M24 845.82 406.25 954.82 31.25
M25 819.08 500 875.08 31.25
M26 145.883 343.75 240.883 31.25
M27 393.687 531.25 470.687 31.25
M28 130.08 468.75 162.08 31.25
M29 365.269 406.25 466.269 31.25
M30 733.986 0 760.986 31.25
M31 890 437.5 1000 31.25
M32 0 468.75 24 31.25
M33 481.018 312.5 536.018 31.25
M34 597.5 250 648.5 31.25
M35 0 62.5 30 31.25
M36 619.489 31.25 679.489 31.25
M37 260.619 500 340.619 31.25
M38 612.58 562.5 647.58 31.25
M39 711.052 31.25 737.052 31.25
M40 272.731 218.75 342.731 31.25
M41 298.73 31.25 374.73 31.25
M42 579.283 562.5 604.283 31.25
M43 631.745 0 677.745 31.25
M44 725.928 406.25 793.928 31.25
M45 759.27 62.5 856.27 31.25
M46 237.679 406.25 346.679 31.25
M47 578.593 468.75 633.593 31.25
M48 214.214 93.75 258.214 31.25
M49 303.396 62.5 323.396 31.25
M50 276.853 0 297.853 31.25
M51 3.0689 500 20.0689 31.25
M52 603.274 437.5 662.274 31.25
M53 74.0266 437.5 132.027 31.25
M54 540.588 93.75 635.588 31.25
M55 24.1392 250 35.1392 31.25
M56 421.531 250 467.531 31.25
M57 755.464 468.75 819.464 31.25
M58 571.82 125 665.82 31.25
M59 452.03 406.25 494.03 31.25
M60 756.467 156.25 803.467 31.25
M61 134.932 0 177.932 31.25
M62 87.2481 62.5 149.248 31.25
M63 423.735 125 494.735 31.25
M64 86.7675 125 133.768 31.25
M65 711.245 187.5 812.245 31.25
M66 896 375 1000 31.25
M67 487.845 31.25 523.845 31.25
M68 514.136 250 605.136 31.25
M69 281.579 0 294.579 31.25
M70 455.02 281.25 508.02 31.25
M71 210.483 593.75 258.483 31.25
M72 732.16 187.5 838.16 31.25
M73 0 0 20 31.25
M74 312.333 281.25 368.333 31.25
M75 0 312.5 14 31.25
M76 903 125 1000 31.25
M77 420.112 593.75 456.112 31.25
M78 99.569 468.75 116.569 31.25
M79 33.2916 312.5 104.292 31.25
M80 749.915 406.25 847.915 31.25
M81 913 343.75 1000 31.25
M82 657.111 250 720.111 31.25
M83 354.398 468.75 372.398 31.25
M84 554.046 562.5 579.046 31.25
M85 561.456 218.75 667.456 31.25
M86 532.249 593.75 588.249 31.25
M87 588.821 0 622.821 31.25
M88 603.361 406.25 673.361 31.25
M89 5.3124 187.5 55.3124 31.25
M90 806.382 93.75 841.382 31.25
M91 502.34 468.75 549.34 31.25
M92 524.487 281.25 633.487 31.25
M93 872.511 218.75 981.511 31.25
M94 87.2283 593.75 113.228 31.25
M95 158.845 531.25 215.845 31.25
M96 560.692 31.25 593.692 31.25
M97 548.661 468.75 566.661 31.25
M98 405.503 62.5 442.503 31.25
M99 422.849 62.5 520.849 31.25
M100 119.199 500 160.199 31.25
M101 465.195 250 557.195 31.25
M102 114.723 562.5 175.723 31.25
M103 276.807 281.25 302.807 31.25
M104 311.688 187.5 365.688 31.25
M105 366.014 156.25 474.014 31.25
M106 576.961 62.5 653.961 31.25
M107 895 312.5 1000 31.25
M108 470.132 531.25 481.132 31.25
M109 374.342 31.25 389.342 31.25
M110 737.129 562.5 779.129 31.25
M111 11.2243 343.75 38.2243 31.25
M112 515.961 218.75 600.961 31.25
M113 149.148 375 167.148 31.25
M114 794.825 468.75 879.825 31.25
M115 663.379 62.5 715.379 31.25
M116 125.113 0 198.113 31.25
M117 892 187.5 1000 31.25
M118 579.455 0 637.455 31.25
M119 278.709 218.75 293.709 31.25
M120 241.28 562.5 293.28 31.25
M121 23.1269 437.5 68.1269 31.25
M122 46.652 281.25 59.652 31.25
M123 422.841 406.25 459.841 31.25
M124 538.818 437.5 617.818 31.25
M125 492.56 125 546.56 31.25
M126 157.543 62.5 168.543 31.25
M127 496.261 281.25 596.261 31.25
M128 467.77 93.75 494.77 31.25
M129 349.222 250 424.222 31.25
M130 208.112 0 278.112 31.25
M131 599.038 531.25 631.038 31.25
M132 676.447 187.5 770.447 31.25
M133 0 468.75 18 31.25
M134 901 187.5 1000 31.25
M135 0 31.25 28 31.25
M136 144.486 437.5 233.486 31.25
M137 926 156.25 1000 31.25
M138 727.126 500 772.126 31.25
M139 104.279 125 194.279 31.25
M140 531.037 187.5 635.037 31.25
M141 0 281.25 11 31.25
M142 798.27 375 901.27 31.25
M143 784.254 125 840.254 31.25
M144 167.231 468.75 270.231 31.25
M145 427.625 93.75 485.625 31.25
M146 889.473 281.25 942.473 31.25
M147 43.0336 343.75 113.034 31.25
M148 626.048 531.25 662.048 31.25
M149 530.073 500 609.073 31.25
M150 8.64507 281.25 24.6451 31.25
M151 262.993 93.75 364.993 31.25
M152 170.162 62.5 228.162 31.25
M153 935 0 1000 31.25
M154 53.0486 250 65.0486 31.25
M155 377.113 437.5 485.113 31.25
M156 400.479 343.75 483.479 31.25
M157 456.478 93.75 498.478 31.25
M158 259.749 593.75 337.749 31.25
M159 10.184 0 47.184 31.25
M160 122.615 156.25 226.615 31.25
M161 838.545 93.75 889.545 31.25
M162 372.4 312.5 472.4 31.25
M163 714.191 593.75 763.191 31.25
M164 178.97 31.25 202.97 31.25
M165 725.666 250 774.666 31.25
M166 669.371 406.25 757.371 31.25
M167 878.342 562.5 961.342 31.25
M168 267.494 531.25 313.494 31.25
M169 472.813 218.75 564.813 31.25
M170 642.348 187.5 737.348 31.25
M171 117.154 375 206.154 31.25
M172 389.21 468.75 474.21 31.25
M173 463.279 0 499.279 31.25
M174 584.754 375 688.754 31.25
M175 610.952 343.75 702.952 31.25
M176 0 437.5 38 31.25
M177 494.89 468.75 580.89 31.25
M178 134.428 281.25 217.428 31.25
M179 924 531.25 1000 31.25
M180 564.154 281.25 662.154 31.25
M181 72.9215 31.25 123.921 31.25
M182 19.9328 531.25 56.9328 31.25
M183 340.886 62.5 414.886 31.25
M184 436.208 0 468.208 31.25
M185 465.896 593.75 515.896 31.25
M186 779.175 437.5 871.175 31.25
M187 17.6197 31.25 58.6197 31.25
M188 489.631 0 532.631 31.25
M189 619.419 312.5 694.419 31.25
M190 58.0877 500 110.088 31.25
M191 831.575 187.5 887.575 31.25
M192 112.146 531.25 149.146 31.25
M193 662.239 562.5 713.239 31.25
M194 107.662 312.5 127.662 31.25
M195 72.3024 0 84.3024 31.25
M196 313.524 343.75 406.524 31.25
M197 212.4 218.75 272.4 31.25
M198 105.762 531.25 121.762 31.25
M199 648.882 156.25 742.882 31.25
M200 42.6717 125 105.672 31.25
M201 783.803 218.75 861.803 31.25
M202 443.999 31.25 516.999 31.25
M203 810.816 0 881.816 31.25
M204 892 281.25 1000 31.25
M205 598.639 31.25 616.639 31.25
M206 916 343.75 1000 31.25
M207 918 343.75 1000 31.25
M208 469.569 312.5 553.569 31.25
M209 0 500 13 31.25
M210 17.2463 500 59.2463 31.25
M211 82.3048 0 95.3048 31.25
M212 696.333 375 794.333 31.25
M213 787.453 375 884.453 31.25
M214 936 0 1000 31.25
M215 46.7958 593.75 77.7958 31.25
M216 233.096 156.25 342.096 31.25
M217 374.856 562.5 425.856 31.25
M218 298.857 375 405.857 31.25
M219 346.416 125 435.416 31.25
M220 244.121 312.5 352.121 31.25
M221 589.936 562.5 624.936 31.25
M222 330.426 187.5 431.426 31.25
M223 463.229 562.5 487.229 31.25
M224 499.164 562.5 510.164 31.25
M225 21.814 281.25 55.814 31.25
M226 861.559 468.75 966.559 31.25
M227 204.322 281.25 279.322 31.25
M228 39.6956 562.5 83.6956 31.25
M229 606.956 93.75 673.956 31.25
M230 280.447 375 304.447 31.25
M231 824.996 531.25 906.996 31.25
M232 516.54 156.25 538.54 31.25
M233 322.054 500 361.054 31.25
M234 395.239 312.5 498.239 31.25
M235 528.413 93.75 579.413 31.25
M236 208.067 31.25 288.067 31.25
M237 762.12 281.25 848.12 31.25
M238 350.938 562.5 373.938 31.25
M239 588.497 500 639.497 31.25
M240 695.397 31.25 757.397 31.25
M241 50.8352 218.75 75.8352 31.25
M242 52.9241 375 135.924 31.25
M243 300.488 437.5 389.488 31.25
M244 788.949 0 880.949 31.25
M245 897 375 1000 31.25
M246 68.5977 218.75 151.598 31.25
M247 872.27 31.25 955.27 31.25
M248 531.943 62.5 578.943 31.25
M249 123.05 468.75 152.05 31.25
M250 499.775 406.25 597.775 31.25
M251 703.859 218.75 805.859 31.25
M252 30.8018 0 58.8018 31.25
M253 172.426 0 219.426 31.25
M254 250.241 31.25 300.241 31.25
M255 5.58648 562.5 24.5865 31.25
M256 399.169 500 431.169 31.25
M257 770.761 0 794.761 31.25
M258 90.9394 343.75 148.939 31.25
M259 152.988 187.5 179.988 31.25
M260 545.231 0 573.231 31.25
M261 170.122 593.75 186.122 31.25
M262 810.671 343.75 919.671 31.25
M263 916.497 31.25 987.497 31.25
M264 164.758 406.25 272.758 31.25
M265 851.054 31.25 894.054 31.25
M266 732.989 93.75 828.989 31.25
M267 484.121 343.75 588.121 31.25
M268 403.48 0 436.48 31.25
M269 70.9157 531.25 96.9157 31.25
M270 92.2031 281.25 168.203 31.25
M271 35.366 437.5 91.366 31.25
M272 836.18 125 926.18 31.25
M273 704.59 312.5 809.59 31.25
M274 929 93.75 1000 31.25
M275 149.756 593.75 166.756 31.25
M276 492.063 93.75 536.063 31.25
M277 210.785 593.75 223.785 31.25
M278 221.717 468.75 324.717 31.25
M279 488.098 156.25 588.098 31.25
M280 230.697 343.75 338.697 31.25
M281 741.246 156.25 784.246 31.25
M282 482.317 531.25 525.317 31.25
M283 50.9417 62.5 73.9417 31.25
M284 184.103 218.75 243.103 31.25
M285 36.3451 250 69.3451 31.25
M286 184.47 593.75 244.47 31.25
M287 32.7006 343.75 89.7006 31.25
M288 426.099 187.5 520.099 31.25
M289 492.3 593.75 503.3 31.25
M290 332.297 62.5 411.297 31.25
M291 369.447 281.25 451.447 31.25
M292 46.7331 218.75 116.733 31.25
M293 756.412 125 784.412 31.25
M294 426.375 31.25 452.375 31.25
M295 640.252 468.75 722.252 31.25
M296 477.591 437.5 575.591 31.25
M297 160.718 31.25 253.718 31.25
M298 181.423 375 280.423 31.25
M299 395.488 187.5 505.488 31.25
M300 467.592 218.75 525.592 31.25
M301 480.627 468.75 496.627 31.25
M302 752.7 468.75 848.7 31.25
M303 62.7347 62.5 100.735 31.25
M304 12.7236 312.5 33.7236 31.25
M305 461.227 125 504.227 31.25
M306 543.293 125 607.293 31.25
M307 512.169 562.5 536.169 31.25
M308 644.314 500 690.314 31.25
M309 98.3706 562.5 114.371 31.25
M310 562.457 437.5 607.457 31.25
M311 636.528 156.25 685.528 31.25
M312 321.736 0 342.736 31.25
M313 237.279 437.5 340.279 31.25
M314 671.439 31.25 701.439 31.25
M315 341.779 593.75 362.779 31.25
M316 812.699 250 906.699 31.25
M317 260.081 250 342.081 31.25
M318 466.243 31.25 507.243 31.25
M319 693.294 468.75 757.294 31.25
M320 0 500 23 31.25
M321 380.953 31.25 416.953 31.25
M322 57.3944 0 78.3944 31.25
M323 668.575 187.5 741.575 31.25
M324 683.981 93.75 762.981 31.25
M325 29.9085 468.75 78.9085 31.25
M326 86.8515 0 129.852 31.25
M327 747.678 468.75 807.678 31.25
M328 7.3681 156.25 55.3681 31.25
M329 681.655 0 719.655 31.25
M330 919 562.5 1000 31.25
M331 312.185 468.75 384.185 31.25
M332 585.493 31.25 644.493 31.25
M333 290.061 0 336.061 31.25
M334 702.092 437.5 784.092 31.25
M335 400.852 593.75 412.852 31.25
M336 433.219 250 480.219 31.25
M337 83.8637 437.5 149.864 31.25
M338 60.8075 281.25 91.8075 31.25
M339 158.309 125 235.309 31.25
M340 140.989 31.25 178.989 31.25
M341 670.058 593.75 708.058 31.25
M342 838.725 593.75 926.725 31.25
M343 506.649 125 524.649 31.25
M344 519.97 312.5 627.97 31.25
M345 239.041 125 347.041 31.25
M346 248.125 343.75 274.125 31.25
M347 329.921 531.25 404.921 31.25
M348 923 468.75 1000 31.25
M349 124.5 93.75 211.5 31.25
M350 85.3419 562.5 102.342 31.25
M351 149.632 437.5 235.632 31.25
M352 78.4711 125 157.471 31.25
M353 707.265 531.25 742.265 31.25
M354 504.475 125 524.475 31.25
M355 365.813 406.25 397.813 31.25
M356 0.110343 406.25 16.1103 31.25
M357 382.49 93.75 467.49 31.25
M358 16.9852 406.25 80.9852 31.25
M359 36.5532 156.25 100.553 31.25
M360 80.6508 406.25 167.651 31.25
M361 0 250 19 31.25
M362 333.747 0 357.747 31.25
M363 344.914 500 420.914 31.25
M364 717.416 0 777.416 31.25
M365 342.826 406.25 365.826 31.25
M366 349.598 218.75 449.598 31.25
M367 523.105 531.25 598.105 31.25
M368 712.67 250 816.67 31.25
M369 113.647 0 158.647 31.25
M370 321.832 62.5 333.832 31.25
M371 165.58 250 260.58 31.25
M372 0 312.5 14 31.25
M373 406.621 375 514.621 31.25
M374 591.027 93.75 610.027 31.25
M375 790.806 250 872.806 31.25
M376 46.9093 468.75 101.909 31.25
M377 26.8751 93.75 81.8751 31.25
M378 531.164 0 542.164 31.25
M379 23.6656 562.5 39.6656 31.25
M380 37.2212 187.5 71.2212 31.25
M381 289.055 562.5 353.055 31.25
M382 140.067 187.5 216.067 31.25
M383 514.701 31.25 556.701 31.25
M384 0 125 25 31.25
M385 422.896 281.25 485.896 31.25
M386 420.436 593.75 466.436 31.25
M387 73.5352 250 159.535 31.25
M388 660.429 281.25 743.429 31.25
M389 890 312.5 1000 31.25
M390 858.853 0 931.853 31.25
M391 794.817 156.25 904.817 31.25
M392 760.58 31.25 839.58 31.25
M393 171.266 375 280.266 31.25
M394 864.649 531.25 959.649 31.25
M395 408.062 593.75 456.062 31.25
M396 567.707 343.75 606.707 31.25
M397 504.2 0 535.2 31.25
M398 353.62 562.5 418.62 31.25
M399 0 375 48 31.25
