 
set size ratio 0.78
set nokey

plot[:][:] '-' w l lt 3 lw 2, '-' w l lt 1

# bounding box
0, 0
448, 0
448, 50
0, 50
0, 0

EOF
# modules
0.00, 0.00

412, 1
427, 1
427, 9
412, 9
412, 1

58, 1
73, 1
73, 9
58, 9
58, 1

20, 30
35, 30
35, 38
20, 38
20, 30

177, 1
192, 1
192, 9
177, 9
177, 1

0, 39
15, 39
15, 47
0, 47
0, 39

27, 18
42, 18
42, 26
27, 26
27, 18

242, 33
257, 33
257, 41
242, 41
242, 33

78, 32
93, 32
93, 40
78, 40
78, 32

138, 29
153, 29
153, 37
138, 37
138, 29

355, 31
370, 31
370, 39
355, 39
355, 31

418, 23
433, 23
433, 31
418, 31
418, 23

365, 11
380, 11
380, 19
365, 19
365, 11

103, 1
118, 1
118, 9
103, 9
103, 1

153, 19
168, 19
168, 27
153, 27
153, 19

252, 19
267, 19
267, 27
252, 27
252, 19

168, 41
183, 41
183, 49
168, 49
168, 41

23, 1
38, 1
38, 9
23, 9
23, 1

180, 41
195, 41
195, 49
180, 49
180, 41

249, 22
264, 22
264, 30
249, 30
249, 22

59, 9
74, 9
74, 17
59, 17
59, 9

408, 11
423, 11
423, 19
408, 19
408, 11

433, 26
448, 26
448, 34
433, 34
433, 26

87, 35
102, 35
102, 43
87, 43
87, 35

100, 19
115, 19
115, 27
100, 27
100, 19

433, 30
448, 30
448, 38
433, 38
433, 30

139, 18
154, 18
154, 26
139, 26
139, 18

0, 30
15, 30
15, 38
0, 38
0, 30

420, 13
435, 13
435, 21
420, 21
420, 13

433, 5
448, 5
448, 13
433, 13
433, 5

320, 28
335, 28
335, 36
320, 36
320, 28

82, 41
97, 41
97, 49
82, 49
82, 41

284, 1
299, 1
299, 9
284, 9
284, 1

389, 36
404, 36
404, 44
389, 44
389, 36

117, 41
132, 41
132, 49
117, 49
117, 41

93, 34
108, 34
108, 42
93, 42
93, 34

233, 16
248, 16
248, 24
233, 24
233, 16

395, 23
410, 23
410, 31
395, 31
395, 23

125, 31
140, 31
140, 39
125, 39
125, 31

133, 9
148, 9
148, 17
133, 17
133, 9

304, 41
319, 41
319, 49
304, 49
304, 41

183, 13
198, 13
198, 21
183, 21
183, 13

425, 17
440, 17
440, 25
425, 25
425, 17

351, 12
366, 12
366, 20
351, 20
351, 12

142, 41
157, 41
157, 49
142, 49
142, 41

418, 7
433, 7
433, 15
418, 15
418, 7

202, 24
217, 24
217, 32
202, 32
202, 24

243, 11
258, 11
258, 19
243, 19
243, 11

16, 1
31, 1
31, 9
16, 9
16, 1

83, 1
98, 1
98, 9
83, 9
83, 1

189, 24
204, 24
204, 32
189, 32
189, 24

67, 12
82, 12
82, 20
67, 20
67, 12

99, 11
114, 11
114, 19
99, 19
99, 11

0, 10
15, 10
15, 18
0, 18
0, 10

415, 15
430, 15
430, 23
415, 23
415, 15

370, 30
385, 30
385, 38
370, 38
370, 30

64, 20
79, 20
79, 28
64, 28
64, 20

154, 1
169, 1
169, 9
154, 9
154, 1

409, 41
424, 41
424, 49
409, 49
409, 41

163, 1
178, 1
178, 9
163, 9
163, 1

253, 3
268, 3
268, 11
253, 11
253, 3

74, 1
89, 1
89, 9
74, 9
74, 1

28, 36
43, 36
43, 44
28, 44
28, 36

188, 1
203, 1
203, 9
188, 9
188, 1

186, 12
201, 12
201, 20
186, 20
186, 12

68, 28
83, 28
83, 36
68, 36
68, 28

121, 34
136, 34
136, 42
121, 42
121, 34

183, 35
198, 35
198, 43
183, 43
183, 35

412, 41
427, 41
427, 49
412, 49
412, 41

241, 1
256, 1
256, 9
241, 9
241, 1

48, 28
63, 28
63, 36
48, 36
48, 28

108, 13
123, 13
123, 21
108, 21
108, 13

338, 12
353, 12
353, 20
338, 20
338, 12

259, 13
274, 13
274, 21
259, 21
259, 13

345, 1
360, 1
360, 9
345, 9
345, 1

385, 26
400, 26
400, 34
385, 34
385, 26

77, 41
92, 41
92, 49
77, 49
77, 41

316, 33
331, 33
331, 41
316, 41
316, 33

79, 19
94, 19
94, 27
79, 27
79, 19

129, 41
144, 41
144, 49
129, 49
129, 41

400, 13
415, 13
415, 21
400, 21
400, 13

227, 12
242, 12
242, 20
227, 20
227, 12

157, 11
172, 11
172, 19
157, 19
157, 11

160, 17
175, 17
175, 25
160, 25
160, 17

252, 41
267, 41
267, 49
252, 49
252, 41

323, 16
338, 16
338, 24
323, 24
323, 16

226, 25
241, 25
241, 33
226, 33
226, 25

235, 19
250, 19
250, 27
235, 27
235, 19

66, 2
81, 2
81, 10
66, 10
66, 2

82, 18
97, 18
97, 26
82, 26
82, 18

30, 41
45, 41
45, 49
30, 49
30, 41

0, 9
15, 9
15, 17
0, 17
0, 9

86, 27
101, 27
101, 35
86, 35
86, 27

210, 5
225, 5
225, 13
210, 13
210, 5

280, 34
295, 34
295, 42
280, 42
280, 34

338, 29
353, 29
353, 37
338, 37
338, 29

130, 26
145, 26
145, 34
130, 34
130, 26

131, 1
146, 1
146, 9
131, 9
131, 1

255, 28
270, 28
270, 36
255, 36
255, 28

283, 41
298, 41
298, 49
283, 49
283, 41

304, 1
319, 1
319, 9
304, 9
304, 1

156, 29
171, 29
171, 37
156, 37
156, 29

146, 18
161, 18
161, 26
146, 26
146, 18

374, 1
389, 1
389, 9
374, 9
374, 1

377, 1
392, 1
392, 9
377, 9
377, 1

0, 22
15, 22
15, 30
0, 30
0, 22

146, 25
161, 25
161, 33
146, 33
146, 25

40, 1
55, 1
55, 9
40, 9
40, 1

270, 28
285, 28
285, 36
270, 36
270, 28

170, 38
185, 38
185, 46
170, 46
170, 38

238, 10
253, 10
253, 18
238, 18
238, 10

180, 26
195, 26
195, 34
180, 34
180, 26

282, 1
297, 1
297, 9
282, 9
282, 1

390, 7
405, 7
405, 15
390, 15
390, 7

330, 24
345, 24
345, 32
330, 32
330, 24

56, 1
71, 1
71, 9
56, 9
56, 1

323, 35
338, 35
338, 43
323, 43
323, 35

386, 31
401, 31
401, 39
386, 39
386, 31

219, 24
234, 24
234, 32
219, 32
219, 24

0, 21
15, 21
15, 29
0, 29
0, 21

433, 23
448, 23
448, 31
433, 31
433, 23

0, 1
15, 1
15, 9
0, 9
0, 1

187, 1
202, 1
202, 9
187, 9
187, 1

162, 30
177, 30
177, 38
162, 38
162, 30

262, 18
277, 18
277, 26
262, 26
262, 18

343, 25
358, 25
358, 33
343, 33
343, 25

176, 5
191, 5
191, 13
176, 13
176, 5

330, 15
345, 15
345, 23
330, 23
330, 15

62, 41
77, 41
77, 49
62, 49
62, 41

65, 39
80, 39
80, 47
65, 47
65, 39

380, 5
395, 5
395, 13
380, 13
380, 5

43, 6
58, 6
58, 14
43, 14
43, 6

317, 17
332, 17
332, 25
317, 25
317, 17

144, 1
159, 1
159, 9
144, 9
144, 1

403, 38
418, 38
418, 46
403, 46
403, 38

57, 32
72, 32
72, 40
57, 40
57, 32

110, 41
125, 41
125, 49
110, 49
110, 41

433, 41
448, 41
448, 49
433, 49
433, 41

275, 41
290, 41
290, 49
275, 49
275, 41

219, 17
234, 17
234, 25
219, 25
219, 17

279, 17
294, 17
294, 25
279, 25
279, 17

200, 1
215, 1
215, 9
200, 9
200, 1

397, 41
412, 41
412, 49
397, 49
397, 41

357, 20
372, 20
372, 28
357, 28
357, 20

261, 38
276, 38
276, 46
261, 46
261, 38

217, 41
232, 41
232, 49
217, 49
217, 41

398, 1
413, 1
413, 9
398, 9
398, 1

14, 41
29, 41
29, 49
14, 49
14, 41

299, 32
314, 32
314, 40
299, 40
299, 32

334, 1
349, 1
349, 9
334, 9
334, 1

44, 15
59, 15
59, 23
44, 23
44, 15

70, 23
85, 23
85, 31
70, 31
70, 23

376, 41
391, 41
391, 49
376, 49
376, 41

404, 1
419, 1
419, 9
404, 9
404, 1

237, 25
252, 25
252, 33
237, 33
237, 25

83, 11
98, 11
98, 19
83, 19
83, 11

362, 31
377, 31
377, 39
362, 39
362, 31

114, 12
129, 12
129, 20
114, 20
114, 12

195, 19
210, 19
210, 27
195, 27
195, 19

0, 41
15, 41
15, 49
0, 49
0, 41

120, 21
135, 21
135, 29
120, 29
120, 21

302, 15
317, 15
317, 23
302, 23
302, 15

269, 1
284, 1
284, 9
269, 9
269, 1

333, 32
348, 32
348, 40
333, 40
333, 32

405, 5
420, 5
420, 13
405, 13
405, 5

0, 41
15, 41
15, 49
0, 49
0, 41

368, 38
383, 38
383, 46
368, 46
368, 38

245, 41
260, 41
260, 49
245, 49
245, 41

278, 22
293, 22
293, 30
278, 30
278, 22

365, 5
380, 5
380, 13
365, 13
365, 5

413, 25
428, 25
428, 33
413, 33
413, 25

285, 12
300, 12
300, 20
285, 20
285, 12

272, 15
287, 15
287, 23
272, 23
272, 15

267, 41
282, 41
282, 49
267, 49
267, 41

115, 20
130, 20
130, 28
115, 28
115, 20

379, 25
394, 25
394, 33
379, 33
379, 25

263, 30
278, 30
278, 38
263, 38
263, 30

204, 11
219, 11
219, 19
204, 19
204, 11

433, 34
448, 34
448, 42
433, 42
433, 34

16, 28
31, 28
31, 36
16, 36
16, 28

330, 41
345, 41
345, 49
330, 49
330, 41

149, 41
164, 41
164, 49
149, 49
149, 41

360, 12
375, 12
375, 20
360, 20
360, 12

154, 41
169, 41
169, 49
154, 49
154, 41

94, 12
109, 12
109, 20
94, 20
94, 12

233, 2
248, 2
248, 10
233, 10
233, 2

372, 17
387, 17
387, 25
372, 25
372, 17

324, 25
339, 25
339, 33
324, 33
324, 25

145, 12
160, 12
160, 20
145, 20
145, 12

0, 30
15, 30
15, 38
0, 38
0, 30

384, 41
399, 41
399, 49
384, 49
384, 41

13, 2
28, 2
28, 10
13, 10
13, 2

51, 21
66, 21
66, 29
51, 29
51, 21

192, 11
207, 11
207, 19
192, 19
192, 11

41, 18
56, 18
56, 26
41, 26
41, 18

289, 2
304, 2
304, 10
289, 10
289, 2

148, 4
163, 4
163, 12
148, 12
148, 4

45, 39
60, 39
60, 47
45, 47
45, 39

204, 1
219, 1
219, 9
204, 9
204, 1

401, 31
416, 31
416, 39
401, 39
401, 31

362, 1
377, 1
377, 9
362, 9
362, 1

318, 11
333, 11
333, 19
318, 19
318, 11

256, 30
271, 30
271, 38
256, 38
256, 30

301, 11
316, 11
316, 19
301, 19
301, 11

54, 20
69, 20
69, 28
54, 28
54, 20

296, 25
311, 25
311, 33
296, 33
296, 25

30, 10
45, 10
45, 18
30, 18
30, 10

113, 41
128, 41
128, 49
113, 49
113, 41

175, 15
190, 15
190, 23
175, 23
175, 15

171, 18
186, 18
186, 26
171, 26
171, 18

255, 1
270, 1
270, 9
255, 9
255, 1

352, 41
367, 41
367, 49
352, 49
352, 41

293, 21
308, 21
308, 29
293, 29
293, 21

306, 3
321, 3
321, 11
306, 11
306, 3

226, 1
241, 1
241, 9
226, 9
226, 1

58, 41
73, 41
73, 49
58, 49
58, 41

271, 40
286, 40
286, 48
271, 48
271, 40

105, 34
120, 34
120, 42
105, 42
105, 34

433, 1
448, 1
448, 9
433, 9
433, 1

393, 1
408, 1
408, 9
393, 9
393, 1

175, 27
190, 27
190, 35
175, 35
175, 27

334, 1
349, 1
349, 9
334, 9
334, 1

27, 28
42, 28
42, 36
27, 36
27, 28

163, 35
178, 35
178, 43
163, 43
163, 35

215, 1
230, 1
230, 9
215, 9
215, 1

168, 22
183, 22
183, 30
168, 30
168, 22

161, 41
176, 41
176, 49
161, 49
161, 41

419, 1
434, 1
434, 9
419, 9
419, 1

226, 36
241, 36
241, 44
226, 44
226, 36

320, 41
335, 41
335, 49
320, 49
320, 41

74, 41
89, 41
89, 49
74, 49
74, 41

98, 41
113, 41
113, 49
98, 49
98, 41

240, 41
255, 41
255, 49
240, 49
240, 41

92, 1
107, 1
107, 9
92, 9
92, 1

271, 3
286, 3
286, 11
271, 11
271, 3

337, 41
352, 41
352, 49
337, 49
337, 41

207, 17
222, 17
222, 25
207, 25
207, 17

47, 1
62, 1
62, 9
47, 9
47, 1

34, 41
49, 41
49, 49
34, 49
34, 41

309, 18
324, 18
324, 26
309, 26
309, 18

195, 3
210, 3
210, 11
195, 11
195, 3

379, 15
394, 15
394, 23
379, 23
379, 15

123, 10
138, 10
138, 18
123, 18
123, 10

161, 24
176, 24
176, 32
161, 32
161, 24

418, 39
433, 39
433, 47
418, 47
418, 39

350, 1
365, 1
365, 9
350, 9
350, 1

311, 23
326, 23
326, 31
311, 31
311, 23

395, 41
410, 41
410, 49
395, 49
395, 41

310, 40
325, 40
325, 48
310, 48
310, 40

246, 33
261, 33
261, 41
246, 41
246, 33

100, 25
115, 25
115, 33
100, 33
100, 25

172, 1
187, 1
187, 9
172, 9
172, 1

15, 41
30, 41
30, 49
15, 49
15, 41

127, 41
142, 41
142, 49
127, 49
127, 41

353, 30
368, 30
368, 38
353, 38
353, 30

48, 41
63, 41
63, 49
48, 49
48, 41

328, 6
343, 6
343, 14
328, 14
328, 6

87, 9
102, 9
102, 17
87, 17
87, 9

102, 3
117, 3
117, 11
102, 11
102, 3

40, 30
55, 30
55, 38
40, 38
40, 30

178, 41
193, 41
193, 49
178, 49
178, 41

193, 41
208, 41
208, 49
193, 49
193, 41

212, 36
227, 36
227, 44
212, 44
212, 36

268, 11
283, 11
283, 19
268, 19
268, 11

421, 41
436, 41
436, 49
421, 49
421, 41

134, 22
149, 22
149, 30
134, 30
134, 22

130, 16
145, 16
145, 24
130, 24
130, 16

101, 30
116, 30
116, 38
101, 38
101, 30

223, 6
238, 6
238, 14
223, 14
223, 6

36, 31
51, 31
51, 39
36, 39
36, 31

91, 41
106, 41
106, 49
91, 49
91, 41

416, 32
431, 32
431, 40
416, 40
416, 32

106, 22
121, 22
121, 30
106, 30
106, 22

72, 1
87, 1
87, 9
72, 9
72, 1

219, 41
234, 41
234, 49
219, 49
219, 41

433, 13
448, 13
448, 21
433, 21
433, 13

196, 37
211, 37
211, 45
196, 45
196, 37

305, 30
320, 30
320, 38
305, 38
305, 30

352, 21
367, 21
367, 29
352, 29
352, 21

116, 26
131, 26
131, 34
116, 34
116, 26

251, 1
266, 1
266, 9
251, 9
251, 1

428, 39
443, 39
443, 47
428, 47
428, 39

19, 22
34, 22
34, 30
19, 30
19, 22

390, 20
405, 20
405, 28
390, 28
390, 20

257, 41
272, 41
272, 49
257, 49
257, 41

349, 4
364, 4
364, 12
349, 12
349, 4

43, 41
58, 41
58, 49
43, 49
43, 41

347, 11
362, 11
362, 19
347, 19
347, 11

0, 17
15, 17
15, 25
0, 25
0, 17

300, 41
315, 41
315, 49
300, 49
300, 41

111, 8
126, 8
126, 16
111, 16
111, 8

75, 9
90, 9
90, 17
75, 17
75, 9

296, 17
311, 17
311, 25
296, 25
296, 17

73, 31
88, 31
88, 39
73, 39
73, 31

246, 15
261, 15
261, 23
246, 23
246, 15

8, 13
23, 13
23, 21
8, 21
8, 13

266, 1
281, 1
281, 9
266, 9
266, 1

405, 16
420, 16
420, 24
405, 24
405, 16

117, 1
132, 1
132, 9
117, 9
117, 1

197, 30
212, 30
212, 38
197, 38
197, 30

139, 1
154, 1
154, 9
139, 9
139, 1

62, 29
77, 29
77, 37
62, 37
62, 29

433, 1
448, 1
448, 9
433, 9
433, 1

145, 34
160, 34
160, 42
145, 42
145, 34

211, 29
226, 29
226, 37
211, 37
211, 29

289, 12
304, 12
304, 20
289, 20
289, 12

5, 2
20, 2
20, 10
5, 10
5, 2

286, 33
301, 33
301, 41
286, 41
286, 33

403, 22
418, 22
418, 30
403, 30
403, 22

433, 18
448, 18
448, 26
433, 26
433, 18

0, 1
15, 1
15, 9
0, 9
0, 1

35, 1
50, 1
50, 9
35, 9
35, 1

336, 19
351, 19
351, 27
336, 27
336, 19

36, 10
51, 10
51, 18
36, 18
36, 10

237, 1
252, 1
252, 9
237, 9
237, 1

288, 41
303, 41
303, 49
288, 49
288, 41

149, 31
164, 31
164, 39
149, 39
149, 31

368, 41
383, 41
383, 49
368, 49
368, 41

315, 1
330, 1
330, 9
315, 9
315, 1

230, 30
245, 30
245, 38
230, 38
230, 30

433, 41
448, 41
448, 49
433, 49
433, 41

276, 9
291, 9
291, 17
276, 17
276, 9

282, 24
297, 24
297, 32
282, 32
282, 24

433, 12
448, 12
448, 20
433, 20
433, 12

6, 29
21, 29
21, 37
6, 37
6, 29

138, 41
153, 41
153, 49
138, 49
138, 41

265, 21
280, 21
280, 29
265, 29
265, 21

13, 21
28, 21
28, 29
13, 29
13, 21

89, 1
104, 1
104, 9
89, 9
89, 1

162, 10
177, 10
177, 18
162, 18
162, 10

274, 30
289, 30
289, 38
274, 38
274, 30

397, 29
412, 29
412, 37
397, 37
397, 29

387, 15
402, 15
402, 23
387, 23
387, 15

85, 24
100, 24
100, 32
85, 32
85, 24

233, 41
248, 41
248, 49
233, 49
233, 41

409, 28
424, 28
424, 36
409, 36
409, 28

128, 3
143, 3
143, 11
128, 11
128, 3

52, 30
67, 30
67, 38
52, 38
52, 30

345, 19
360, 19
360, 27
345, 27
345, 19

375, 29
390, 29
390, 37
375, 37
375, 29

319, 1
334, 1
334, 9
319, 9
319, 1

375, 12
390, 12
390, 20
375, 20
375, 12

312, 10
327, 10
327, 18
312, 18
312, 10

19, 8
34, 8
34, 16
19, 16
19, 8

209, 22
224, 22
224, 30
209, 30
209, 22

98, 41
113, 41
113, 49
98, 49
98, 41

222, 15
237, 15
237, 23
222, 23
222, 15

347, 41
362, 41
362, 49
347, 49
347, 41

298, 1
313, 1
313, 9
298, 9
298, 1

193, 29
208, 29
208, 37
193, 37
193, 29

362, 41
377, 41
377, 49
362, 49
362, 41

142, 9
157, 9
157, 17
142, 17
142, 9

159, 1
174, 1
174, 9
159, 9
159, 1

133, 34
148, 34
148, 42
133, 42
133, 34

56, 14
71, 14
71, 22
56, 22
56, 14

22, 41
37, 41
37, 49
22, 49
22, 41

113, 31
128, 31
128, 39
113, 39
113, 31

15, 14
30, 14
30, 22
15, 22
15, 14

423, 29
438, 29
438, 37
423, 37
423, 29

322, 2
337, 2
337, 10
322, 10
322, 2

295, 4
310, 4
310, 12
295, 12
295, 4

361, 1
376, 1
376, 9
361, 9
361, 1

363, 23
378, 23
378, 31
363, 31
363, 23

380, 39
395, 39
395, 47
380, 47
380, 39

125, 15
140, 15
140, 23
125, 23
125, 15

121, 1
136, 1
136, 9
121, 9
121, 1

23, 13
38, 13
38, 21
23, 21
23, 13

385, 1
400, 1
400, 9
385, 9
385, 1

230, 41
245, 41
245, 49
230, 49
230, 41

70, 14
85, 14
85, 22
70, 22
70, 14

170, 9
185, 9
185, 17
170, 17
170, 9

256, 9
271, 9
271, 17
256, 17
256, 9

191, 41
206, 41
206, 49
191, 49
191, 41

290, 29
305, 29
305, 37
290, 37
290, 29

424, 2
439, 2
439, 10
424, 10
424, 2

334, 41
349, 41
349, 49
334, 49
334, 41

214, 12
229, 12
229, 20
214, 20
214, 12

51, 8
66, 8
66, 16
51, 16
51, 8

185, 21
200, 21
200, 29
185, 29
185, 21

208, 41
223, 41
223, 49
208, 49
208, 41

294, 40
309, 40
309, 48
294, 48
294, 40

351, 40
366, 40
366, 48
351, 48
351, 40

36, 20
51, 20
51, 28
36, 28
36, 20

392, 12
407, 12
407, 20
392, 20
392, 12

335, 9
350, 9
350, 17
335, 17
335, 9

93, 20
108, 20
108, 28
93, 28
93, 20

316, 41
331, 41
331, 49
316, 49
316, 41

203, 41
218, 41
218, 49
203, 49
203, 41

368, 22
383, 22
383, 30
368, 30
368, 22

177, 31
192, 31
192, 39
177, 39
177, 31

200, 13
215, 13
215, 21
200, 21
200, 13

223, 30
238, 30
238, 38
223, 38
223, 30

108, 1
123, 1
123, 9
108, 9
108, 1

308, 27
323, 27
323, 35
308, 35
308, 27

218, 1
233, 1
233, 9
218, 9
218, 1

28, 1
43, 1
43, 9
28, 9
28, 1

33, 24
48, 24
48, 32
33, 32
33, 24

341, 32
356, 32
356, 40
341, 40
341, 32

207, 31
222, 31
222, 39
207, 39
207, 31

241, 26
256, 26
256, 34
241, 34
241, 26

13, 34
28, 34
28, 42
13, 42
13, 34

EOF
pause -1 'Press any key to close.'
