M0 102.015 281.25 135.015 31.25
M1 0.525775 156.25 11.5258 31.25
M2 490.035 500 551.035 31.25
M3 321.388 250 400.388 31.25
M4 914.975 250 993.975 31.25
M5 431.952 500 512.952 31.25
M6 285.163 406.25 380.163 31.25
M7 779.06 562.5 859.06 31.25
M8 69.9011 187.5 148.901 31.25
M9 253.458 62.5 310.458 31.25
M10 381.683 562.5 404.683 31.25
M11 351.535 0 392.535 31.25
M12 658.108 531.25 737.108 31.25
M13 0 531.25 12 31.25
M14 117.914 218.75 200.914 31.25
M15 176.517 500 255.517 31.25
M16 741.048 62.5 826.048 31.25
M17 441.715 562.5 468.715 31.25
M18 127.323 437.5 222.323 31.25
M19 641.224 218.75 704.224 31.25
M20 1.40404 218.75 49.404 31.25
M21 432.092 125 536.092 31.25
M22 908.913 531.25 988.913 31.25
M23 769.164 531.25 821.164 31.25
M24 846.363 406.25 955.363 31.25
M25 815.214 500 871.214 31.25
M26 146.642 343.75 241.642 31.25
M27 396.381 531.25 473.381 31.25
M28 131.34 468.75 163.34 31.25
M29 370.04 406.25 471.04 31.25
M30 737.293 0 764.293 31.25
M31 890 437.5 1000 31.25
M32 0 468.75 24 31.25
M33 486.636 281.25 541.636 31.25
M34 600.766 250 651.766 31.25
M35 0.952341 62.5 30.9523 31.25
M36 621.918 31.25 681.918 31.25
M37 264.528 468.75 344.528 31.25
M38 619.33 562.5 654.33 31.25
M39 710.228 62.5 736.228 31.25
M40 278.237 218.75 348.237 31.25
M41 302.432 31.25 378.432 31.25
M42 579.301 593.75 604.301 31.25
M43 632.715 0 678.715 31.25
M44 727.606 406.25 795.606 31.25
M45 759.205 62.5 856.205 31.25
M46 241.581 406.25 350.581 31.25
M47 583.478 468.75 638.478 31.25
M48 214.669 125 258.669 31.25
M49 308.754 62.5 328.754 31.25
M50 280.467 0 301.467 31.25
M51 7.56779 531.25 24.5678 31.25
M52 607.387 437.5 666.387 31.25
M53 76.1877 437.5 134.188 31.25
M54 545.506 93.75 640.506 31.25
M55 23.2693 250 34.2693 31.25
M56 421.57 218.75 467.57 31.25
M57 756.437 468.75 820.437 31.25
M58 574.683 125 668.683 31.25
M59 458.59 468.75 500.59 31.25
M60 760.321 156.25 807.321 31.25
M61 132.973 0 175.973 31.25
M62 88.177 62.5 150.177 31.25
M63 428.046 93.75 499.046 31.25
M64 90.7424 156.25 137.742 31.25
M65 713.282 187.5 814.282 31.25
M66 896 375 1000 31.25
M67 492.865 0 528.865 31.25
M68 518.676 250 609.676 31.25
M69 285.547 31.25 298.547 31.25
M70 463.707 281.25 516.707 31.25
M71 215.649 562.5 263.649 31.25
M72 733.105 187.5 839.105 31.25
M73 1.04506 0 21.0451 31.25
M74 315.292 281.25 371.292 31.25
M75 0 312.5 14 31.25
M76 903 93.75 1000 31.25
M77 421.431 562.5 457.431 31.25
M78 100.17 500 117.17 31.25
M79 34.3755 312.5 105.375 31.25
M80 749.904 375 847.904 31.25
M81 913 343.75 1000 31.25
M82 660.495 250 723.495 31.25
M83 361.518 562.5 379.518 31.25
M84 560.085 562.5 585.085 31.25
M85 565.598 218.75 671.598 31.25
M86 532.271 593.75 588.271 31.25
M87 592.167 0 626.167 31.25
M88 607.697 406.25 677.697 31.25
M89 8.10963 187.5 58.1096 31.25
M90 803.244 93.75 838.244 31.25
M91 506.857 468.75 553.857 31.25
M92 529.215 312.5 638.215 31.25
M93 866.674 218.75 975.674 31.25
M94 87.8627 593.75 113.863 31.25
M95 156.756 531.25 213.756 31.25
M96 561.192 0 594.192 31.25
M97 557.059 468.75 575.059 31.25
M98 406.003 62.5 443.003 31.25
M99 427.106 62.5 525.106 31.25
M100 121.836 500 162.836 31.25
M101 471.523 250 563.523 31.25
M102 118.355 562.5 179.355 31.25
M103 281.71 281.25 307.71 31.25
M104 315.136 218.75 369.136 31.25
M105 371.319 156.25 479.319 31.25
M106 580.139 62.5 657.139 31.25
M107 895 312.5 1000 31.25
M108 478.261 531.25 489.261 31.25
M109 382.332 0 397.332 31.25
M110 736.388 562.5 778.388 31.25
M111 12.815 343.75 39.815 31.25
M112 520.857 218.75 605.857 31.25
M113 149.849 375 167.849 31.25
M114 792.634 468.75 877.634 31.25
M115 667.268 62.5 719.268 31.25
M116 126.425 62.5 199.425 31.25
M117 892 187.5 1000 31.25
M118 585.268 0 643.268 31.25
M119 283.72 218.75 298.72 31.25
M120 245.155 531.25 297.155 31.25
M121 24.0853 437.5 69.0853 31.25
M122 47.4208 281.25 60.4208 31.25
M123 426.02 406.25 463.02 31.25
M124 543.89 468.75 622.89 31.25
M125 497.521 93.75 551.521 31.25
M126 160.778 31.25 171.778 31.25
M127 500.973 281.25 600.973 31.25
M128 475.183 93.75 502.183 31.25
M129 355.548 250 430.548 31.25
M130 209.892 0 279.892 31.25
M131 605.614 500 637.614 31.25
M132 678.394 187.5 772.394 31.25
M133 4.29085 500 22.2908 31.25
M134 901 156.25 1000 31.25
M135 0 31.25 28 31.25
M136 144.884 437.5 233.884 31.25
M137 923.739 156.25 997.739 31.25
M138 729.197 500 774.197 31.25
M139 106.339 125 196.339 31.25
M140 535.815 187.5 639.815 31.25
M141 5.03556 281.25 16.0356 31.25
M142 801.158 375 904.158 31.25
M143 785.05 125 841.05 31.25
M144 169.889 468.75 272.889 31.25
M145 431.015 62.5 489.015 31.25
M146 894.366 375 947.366 31.25
M147 44.4739 343.75 114.474 31.25
M148 627.888 531.25 663.888 31.25
M149 534.62 500 613.62 31.25
M150 11.5478 281.25 27.5478 31.25
M151 267.329 93.75 369.329 31.25
M152 174.305 62.5 232.305 31.25
M153 934.053 0 999.053 31.25
M154 52.2197 250 64.2197 31.25
M155 381.367 437.5 489.367 31.25
M156 403.681 312.5 486.681 31.25
M157 464.287 93.75 506.287 31.25
M158 264.2 531.25 342.2 31.25
M159 13.025 0 50.025 31.25
M160 123.67 156.25 227.67 31.25
M161 838.008 62.5 889.008 31.25
M162 376.343 343.75 476.343 31.25
M163 715.071 593.75 764.071 31.25
M164 184.203 31.25 208.203 31.25
M165 725.867 250 774.867 31.25
M166 672.503 406.25 760.503 31.25
M167 878.866 562.5 961.866 31.25
M168 271.511 531.25 317.511 31.25
M169 479.235 187.5 571.235 31.25
M170 645.823 187.5 740.823 31.25
M171 118.315 375 207.315 31.25
M172 391.201 468.75 476.201 31.25
M173 467.969 0 503.969 31.25
M174 586.8 375 690.8 31.25
M175 614.186 343.75 706.186 31.25
M176 0 437.5 38 31.25
M177 499.326 468.75 585.326 31.25
M178 135.779 281.25 218.779 31.25
M179 924 500 1000 31.25
M180 568.596 281.25 666.596 31.25
M181 76.2642 31.25 127.264 31.25
M182 21.0337 531.25 58.0337 31.25
M183 345.993 31.25 419.993 31.25
M184 443.248 0 475.248 31.25
M185 466.573 593.75 516.573 31.25
M186 778.114 437.5 870.114 31.25
M187 18.333 31.25 59.333 31.25
M188 493.586 0 536.586 31.25
M189 621.68 312.5 696.68 31.25
M190 60.0369 500 112.037 31.25
M191 830.016 187.5 886.016 31.25
M192 113.88 531.25 150.88 31.25
M193 665.366 562.5 716.366 31.25
M194 109.552 343.75 129.552 31.25
M195 74.5788 0 86.5788 31.25
M196 318.151 312.5 411.151 31.25
M197 213.812 218.75 273.812 31.25
M198 106.739 531.25 122.739 31.25
M199 651.576 125 745.576 31.25
M200 43.2634 125 106.263 31.25
M201 782.982 218.75 860.982 31.25
M202 449.934 31.25 522.934 31.25
M203 809.829 0 880.829 31.25
M204 892 250 1000 31.25
M205 602.224 0 620.224 31.25
M206 916 281.25 1000 31.25
M207 911.765 312.5 993.765 31.25
M208 475.516 312.5 559.516 31.25
M209 0 500 13 31.25
M210 18.4613 468.75 60.4613 31.25
M211 82.2763 0 95.2763 31.25
M212 699.483 375 797.483 31.25
M213 785.783 343.75 882.783 31.25
M214 911.328 0 975.328 31.25
M215 46.9552 593.75 77.9552 31.25
M216 238.328 156.25 347.328 31.25
M217 379.367 562.5 430.367 31.25
M218 303.595 375 410.595 31.25
M219 350.698 125 439.698 31.25
M220 248.323 312.5 356.323 31.25
M221 597.376 562.5 632.376 31.25
M222 334.906 187.5 435.906 31.25
M223 467.902 562.5 491.902 31.25
M224 503.866 562.5 514.866 31.25
M225 22.5562 281.25 56.5562 31.25
M226 859.014 468.75 964.014 31.25
M227 206.476 281.25 281.476 31.25
M228 40.478 531.25 84.478 31.25
M229 610.192 93.75 677.192 31.25
M230 291.167 343.75 315.167 31.25
M231 826.525 531.25 908.525 31.25
M232 522.258 156.25 544.258 31.25
M233 321.457 531.25 360.457 31.25
M234 399.964 281.25 502.964 31.25
M235 535.878 125 586.878 31.25
M236 210.291 31.25 290.291 31.25
M237 762.826 281.25 848.826 31.25
M238 356.646 531.25 379.646 31.25
M239 594.483 500 645.483 31.25
M240 697.343 31.25 759.343 31.25
M241 52.5616 218.75 77.5616 31.25
M242 54.4391 375 137.439 31.25
M243 307.171 437.5 396.171 31.25
M244 788.37 0 880.37 31.25
M245 897 375 1000 31.25
M246 70.4515 218.75 153.451 31.25
M247 873.248 93.75 956.248 31.25
M248 538.357 62.5 585.357 31.25
M249 125.759 468.75 154.759 31.25
M250 503.287 406.25 601.287 31.25
M251 706.729 218.75 808.729 31.25
M252 31.1097 0 59.1097 31.25
M253 178.422 0 225.422 31.25
M254 254.99 0 304.99 31.25
M255 8.68782 562.5 27.6878 31.25
M256 400.882 500 432.882 31.25
M257 773.901 0 797.901 31.25
M258 93.6477 312.5 151.648 31.25
M259 153.382 281.25 180.382 31.25
M260 551.714 31.25 579.714 31.25
M261 170.121 593.75 186.121 31.25
M262 815.915 343.75 924.915 31.25
M263 901.861 31.25 972.861 31.25
M264 166.54 406.25 274.54 31.25
M265 851.538 31.25 894.538 31.25
M266 734.547 93.75 830.547 31.25
M267 489.882 375 593.882 31.25
M268 405.504 0 438.504 31.25
M269 72.1401 562.5 98.1401 31.25
M270 93.383 281.25 169.383 31.25
M271 36.2302 437.5 92.2302 31.25
M272 842.485 125 932.485 31.25
M273 707.169 312.5 812.169 31.25
M274 920.844 62.5 991.844 31.25
M275 149.766 593.75 166.766 31.25
M276 496.189 93.75 540.189 31.25
M277 209.73 593.75 222.73 31.25
M278 228.146 437.5 331.146 31.25
M279 493.287 156.25 593.287 31.25
M280 235.928 343.75 343.928 31.25
M281 741.577 156.25 784.577 31.25
M282 489.8 531.25 532.8 31.25
M283 51.399 31.25 74.399 31.25
M284 186.505 218.75 245.505 31.25
M285 37.4113 218.75 70.4113 31.25
M286 184.773 593.75 244.773 31.25
M287 33.7889 312.5 90.7889 31.25
M288 429.753 187.5 523.753 31.25
M289 495.67 593.75 506.67 31.25
M290 338.036 62.5 417.036 31.25
M291 374.032 281.25 456.032 31.25
M292 48.0596 218.75 118.06 31.25
M293 757.493 125 785.493 31.25
M294 425.371 31.25 451.371 31.25
M295 642.619 468.75 724.619 31.25
M296 483.872 437.5 581.872 31.25
M297 164.882 31.25 257.882 31.25
M298 183.149 375 282.149 31.25
M299 400.095 156.25 510.095 31.25
M300 473.98 218.75 531.98 31.25
M301 489.663 468.75 505.663 31.25
M302 752.407 406.25 848.407 31.25
M303 65.5014 62.5 103.501 31.25
M304 13.8618 312.5 34.8618 31.25
M305 468.531 156.25 511.531 31.25
M306 547.451 156.25 611.451 31.25
M307 516.945 562.5 540.945 31.25
M308 642.732 500 688.732 31.25
M309 100.835 562.5 116.835 31.25
M310 565.879 437.5 610.879 31.25
M311 639.639 156.25 688.639 31.25
M312 330.233 0 351.233 31.25
M313 241.954 437.5 344.954 31.25
M314 677.979 31.25 707.979 31.25
M315 341.776 593.75 362.776 31.25
M316 816.123 250 910.123 31.25
M317 264.926 250 346.926 31.25
M318 470.549 31.25 511.549 31.25
M319 698.004 468.75 762.004 31.25
M320 2.12131 500 25.1213 31.25
M321 390.564 31.25 426.564 31.25
M322 59.8755 0 80.8755 31.25
M323 671.245 218.75 744.245 31.25
M324 686.901 93.75 765.901 31.25
M325 31.1968 468.75 80.1968 31.25
M326 89.7838 0 132.784 31.25
M327 748.31 500 808.31 31.25
M328 10.0364 156.25 58.0364 31.25
M329 686.404 0 724.404 31.25
M330 914.651 562.5 995.651 31.25
M331 317.671 500 389.671 31.25
M332 590.77 31.25 649.77 31.25
M333 297.249 0 343.249 31.25
M334 704.671 437.5 786.671 31.25
M335 400.848 593.75 412.848 31.25
M336 436.595 250 483.595 31.25
M337 85.9315 437.5 151.932 31.25
M338 63.1991 281.25 94.1991 31.25
M339 161.129 93.75 238.129 31.25
M340 139.664 31.25 177.664 31.25
M341 670.057 593.75 708.057 31.25
M342 838.931 593.75 926.931 31.25
M343 510.893 31.25 528.893 31.25
M344 525.029 312.5 633.029 31.25
M345 244.396 125 352.396 31.25
M346 250.959 312.5 276.959 31.25
M347 333.456 531.25 408.456 31.25
M348 923 437.5 1000 31.25
M349 125.798 125 212.798 31.25
M350 87.9196 531.25 104.92 31.25
M351 149.859 468.75 235.859 31.25
M352 78.3699 93.75 157.37 31.25
M353 712.46 531.25 747.46 31.25
M354 505.308 125 525.308 31.25
M355 375.415 406.25 407.415 31.25
M356 1.54536 406.25 17.5454 31.25
M357 387.774 93.75 472.774 31.25
M358 18.5847 406.25 82.5847 31.25
M359 37.5936 156.25 101.594 31.25
M360 82.6371 406.25 169.637 31.25
M361 0 250 19 31.25
M362 338.388 0 362.388 31.25
M363 349.851 500 425.851 31.25
M364 719.877 0 779.877 31.25
M365 340.752 406.25 363.752 31.25
M366 353.645 218.75 453.645 31.25
M367 527.204 531.25 602.204 31.25
M368 714.826 250 818.826 31.25
M369 110.823 0 155.823 31.25
M370 328.358 62.5 340.358 31.25
M371 168.595 250 263.595 31.25
M372 0 312.5 14 31.25
M373 411.962 343.75 519.962 31.25
M374 595.381 31.25 614.381 31.25
M375 789.165 218.75 871.165 31.25
M376 47.9522 468.75 102.952 31.25
M377 27.4564 93.75 82.4564 31.25
M378 532.314 0 543.314 31.25
M379 26.231 562.5 42.231 31.25
M380 37.5404 187.5 71.5404 31.25
M381 292.064 562.5 356.064 31.25
M382 141.024 187.5 217.024 31.25
M383 522.846 31.25 564.846 31.25
M384 0 125 25 31.25
M385 426.3 250 489.3 31.25
M386 420.567 593.75 466.567 31.25
M387 74.467 250 160.467 31.25
M388 662.951 281.25 745.951 31.25
M389 890 281.25 1000 31.25
M390 866.826 0 939.826 31.25
M391 796.739 156.25 906.739 31.25
M392 760.599 31.25 839.599 31.25
M393 173.007 375 282.007 31.25
M394 865.462 531.25 960.462 31.25
M395 411.653 531.25 459.653 31.25
M396 568.731 343.75 607.731 31.25
M397 507.897 0 538.897 31.25
M398 356.484 593.75 421.484 31.25
M399 0.702316 375 48.7023 31.25
