 
set size ratio 0.78
set nokey

plot[:][:] '-' w l lt 3 lw 2, '-' w l lt 1

# bounding box
0, 0
448, 0
448, 50
0, 50
0, 0

EOF
# modules
0.00, 0.00

413, 1
428, 1
428, 9
413, 9
413, 1

58, 1
73, 1
73, 9
58, 9
58, 1

20, 30
35, 30
35, 38
20, 38
20, 30

177, 1
192, 1
192, 9
177, 9
177, 1

0, 39
15, 39
15, 47
0, 47
0, 39

27, 17
42, 17
42, 25
27, 25
27, 17

242, 33
257, 33
257, 41
242, 41
242, 33

78, 30
93, 30
93, 38
78, 38
78, 30

138, 30
153, 30
153, 38
138, 38
138, 30

355, 30
370, 30
370, 38
355, 38
355, 30

418, 23
433, 23
433, 31
418, 31
418, 23

365, 11
380, 11
380, 19
365, 19
365, 11

103, 1
118, 1
118, 9
103, 9
103, 1

153, 19
168, 19
168, 27
153, 27
153, 19

252, 19
267, 19
267, 27
252, 27
252, 19

167, 41
182, 41
182, 49
167, 49
167, 41

23, 1
38, 1
38, 9
23, 9
23, 1

180, 41
195, 41
195, 49
180, 49
180, 41

249, 21
264, 21
264, 29
249, 29
249, 21

59, 9
74, 9
74, 17
59, 17
59, 9

408, 11
423, 11
423, 19
408, 19
408, 11

433, 26
448, 26
448, 34
433, 34
433, 26

87, 36
102, 36
102, 44
87, 44
87, 36

100, 17
115, 17
115, 25
100, 25
100, 17

433, 31
448, 31
448, 39
433, 39
433, 31

139, 17
154, 17
154, 25
139, 25
139, 17

0, 30
15, 30
15, 38
0, 38
0, 30

419, 12
434, 12
434, 20
419, 20
419, 12

433, 5
448, 5
448, 13
433, 13
433, 5

321, 29
336, 29
336, 37
321, 37
321, 29

82, 41
97, 41
97, 49
82, 49
82, 41

284, 2
299, 2
299, 10
284, 10
284, 2

389, 36
404, 36
404, 44
389, 44
389, 36

117, 41
132, 41
132, 49
117, 49
117, 41

93, 31
108, 31
108, 39
93, 39
93, 31

233, 16
248, 16
248, 24
233, 24
233, 16

395, 23
410, 23
410, 31
395, 31
395, 23

125, 30
140, 30
140, 38
125, 38
125, 30

133, 9
148, 9
148, 17
133, 17
133, 9

304, 41
319, 41
319, 49
304, 49
304, 41

183, 12
198, 12
198, 20
183, 20
183, 12

425, 18
440, 18
440, 26
425, 26
425, 18

351, 12
366, 12
366, 20
351, 20
351, 12

142, 41
157, 41
157, 49
142, 49
142, 41

418, 7
433, 7
433, 15
418, 15
418, 7

202, 23
217, 23
217, 31
202, 31
202, 23

243, 11
258, 11
258, 19
243, 19
243, 11

16, 1
31, 1
31, 9
16, 9
16, 1

83, 1
98, 1
98, 9
83, 9
83, 1

189, 24
204, 24
204, 32
189, 32
189, 24

67, 12
82, 12
82, 20
67, 20
67, 12

99, 10
114, 10
114, 18
99, 18
99, 10

0, 11
15, 11
15, 19
0, 19
0, 11

416, 15
431, 15
431, 23
416, 23
416, 15

370, 30
385, 30
385, 38
370, 38
370, 30

64, 20
79, 20
79, 28
64, 28
64, 20

154, 1
169, 1
169, 9
154, 9
154, 1

408, 41
423, 41
423, 49
408, 49
408, 41

163, 1
178, 1
178, 9
163, 9
163, 1

253, 3
268, 3
268, 11
253, 11
253, 3

74, 1
89, 1
89, 9
74, 9
74, 1

29, 36
44, 36
44, 44
29, 44
29, 36

189, 1
204, 1
204, 9
189, 9
189, 1

187, 12
202, 12
202, 20
187, 20
187, 12

68, 29
83, 29
83, 37
68, 37
68, 29

122, 34
137, 34
137, 42
122, 42
122, 34

183, 35
198, 35
198, 43
183, 43
183, 35

412, 41
427, 41
427, 49
412, 49
412, 41

241, 1
256, 1
256, 9
241, 9
241, 1

47, 28
62, 28
62, 36
47, 36
47, 28

108, 15
123, 15
123, 23
108, 23
108, 15

338, 12
353, 12
353, 20
338, 20
338, 12

259, 11
274, 11
274, 19
259, 19
259, 11

345, 1
360, 1
360, 9
345, 9
345, 1

384, 26
399, 26
399, 34
384, 34
384, 26

77, 41
92, 41
92, 49
77, 49
77, 41

316, 32
331, 32
331, 40
316, 40
316, 32

79, 20
94, 20
94, 28
79, 28
79, 20

129, 41
144, 41
144, 49
129, 49
129, 41

400, 13
415, 13
415, 21
400, 21
400, 13

228, 11
243, 11
243, 19
228, 19
228, 11

157, 11
172, 11
172, 19
157, 19
157, 11

160, 16
175, 16
175, 24
160, 24
160, 16

252, 41
267, 41
267, 49
252, 49
252, 41

324, 17
339, 17
339, 25
324, 25
324, 17

226, 25
241, 25
241, 33
226, 33
226, 25

235, 19
250, 19
250, 27
235, 27
235, 19

66, 2
81, 2
81, 10
66, 10
66, 2

83, 17
98, 17
98, 25
83, 25
83, 17

30, 41
45, 41
45, 49
30, 49
30, 41

0, 9
15, 9
15, 17
0, 17
0, 9

86, 29
101, 29
101, 37
86, 37
86, 29

210, 4
225, 4
225, 12
210, 12
210, 4

280, 33
295, 33
295, 41
280, 41
280, 33

338, 29
353, 29
353, 37
338, 37
338, 29

130, 26
145, 26
145, 34
130, 34
130, 26

132, 1
147, 1
147, 9
132, 9
132, 1

255, 28
270, 28
270, 36
255, 36
255, 28

283, 41
298, 41
298, 49
283, 49
283, 41

304, 1
319, 1
319, 9
304, 9
304, 1

156, 31
171, 31
171, 39
156, 39
156, 31

147, 19
162, 19
162, 27
147, 27
147, 19

374, 1
389, 1
389, 9
374, 9
374, 1

377, 1
392, 1
392, 9
377, 9
377, 1

0, 22
15, 22
15, 30
0, 30
0, 22

146, 25
161, 25
161, 33
146, 33
146, 25

41, 1
56, 1
56, 9
41, 9
41, 1

270, 28
285, 28
285, 36
270, 36
270, 28

170, 39
185, 39
185, 47
170, 47
170, 39

238, 10
253, 10
253, 18
238, 18
238, 10

180, 27
195, 27
195, 35
180, 35
180, 27

282, 1
297, 1
297, 9
282, 9
282, 1

390, 7
405, 7
405, 15
390, 15
390, 7

329, 23
344, 23
344, 31
329, 31
329, 23

56, 1
71, 1
71, 9
56, 9
56, 1

324, 36
339, 36
339, 44
324, 44
324, 36

386, 31
401, 31
401, 39
386, 39
386, 31

219, 25
234, 25
234, 33
219, 33
219, 25

0, 21
15, 21
15, 29
0, 29
0, 21

433, 22
448, 22
448, 30
433, 30
433, 22

0, 1
15, 1
15, 9
0, 9
0, 1

186, 1
201, 1
201, 9
186, 9
186, 1

162, 29
177, 29
177, 37
162, 37
162, 29

262, 19
277, 19
277, 27
262, 27
262, 19

343, 24
358, 24
358, 32
343, 32
343, 24

176, 6
191, 6
191, 14
176, 14
176, 6

330, 15
345, 15
345, 23
330, 23
330, 15

62, 41
77, 41
77, 49
62, 49
62, 41

65, 40
80, 40
80, 48
65, 48
65, 40

380, 6
395, 6
395, 14
380, 14
380, 6

43, 5
58, 5
58, 13
43, 13
43, 5

317, 17
332, 17
332, 25
317, 25
317, 17

144, 1
159, 1
159, 9
144, 9
144, 1

403, 38
418, 38
418, 46
403, 46
403, 38

57, 32
72, 32
72, 40
57, 40
57, 32

110, 41
125, 41
125, 49
110, 49
110, 41

433, 41
448, 41
448, 49
433, 49
433, 41

275, 41
290, 41
290, 49
275, 49
275, 41

218, 16
233, 16
233, 24
218, 24
218, 16

280, 17
295, 17
295, 25
280, 25
280, 17

201, 1
216, 1
216, 9
201, 9
201, 1

397, 41
412, 41
412, 49
397, 49
397, 41

357, 18
372, 18
372, 26
357, 26
357, 18

261, 38
276, 38
276, 46
261, 46
261, 38

217, 41
232, 41
232, 49
217, 49
217, 41

398, 1
413, 1
413, 9
398, 9
398, 1

14, 41
29, 41
29, 49
14, 49
14, 41

299, 31
314, 31
314, 39
299, 39
299, 31

334, 1
349, 1
349, 9
334, 9
334, 1

44, 13
59, 13
59, 21
44, 21
44, 13

70, 22
85, 22
85, 30
70, 30
70, 22

376, 41
391, 41
391, 49
376, 49
376, 41

404, 1
419, 1
419, 9
404, 9
404, 1

237, 26
252, 26
252, 34
237, 34
237, 26

83, 11
98, 11
98, 19
83, 19
83, 11

362, 31
377, 31
377, 39
362, 39
362, 31

115, 11
130, 11
130, 19
115, 19
115, 11

195, 20
210, 20
210, 28
195, 28
195, 20

0, 41
15, 41
15, 49
0, 49
0, 41

120, 21
135, 21
135, 29
120, 29
120, 21

302, 15
317, 15
317, 23
302, 23
302, 15

269, 1
284, 1
284, 9
269, 9
269, 1

333, 32
348, 32
348, 40
333, 40
333, 32

405, 5
420, 5
420, 13
405, 13
405, 5

0, 41
15, 41
15, 49
0, 49
0, 41

368, 38
383, 38
383, 46
368, 46
368, 38

246, 41
261, 41
261, 49
246, 49
246, 41

278, 22
293, 22
293, 30
278, 30
278, 22

365, 4
380, 4
380, 12
365, 12
365, 4

413, 24
428, 24
428, 32
413, 32
413, 24

285, 12
300, 12
300, 20
285, 20
285, 12

272, 14
287, 14
287, 22
272, 22
272, 14

267, 41
282, 41
282, 49
267, 49
267, 41

115, 19
130, 19
130, 27
115, 27
115, 19

379, 25
394, 25
394, 33
379, 33
379, 25

263, 30
278, 30
278, 38
263, 38
263, 30

204, 11
219, 11
219, 19
204, 19
204, 11

433, 33
448, 33
448, 41
433, 41
433, 33

15, 27
30, 27
30, 35
15, 35
15, 27

329, 41
344, 41
344, 49
329, 49
329, 41

149, 41
164, 41
164, 49
149, 49
149, 41

360, 12
375, 12
375, 20
360, 20
360, 12

154, 41
169, 41
169, 49
154, 49
154, 41

94, 13
109, 13
109, 21
94, 21
94, 13

233, 1
248, 1
248, 9
233, 9
233, 1

372, 17
387, 17
387, 25
372, 25
372, 17

324, 26
339, 26
339, 34
324, 34
324, 26

146, 11
161, 11
161, 19
146, 19
146, 11

0, 29
15, 29
15, 37
0, 37
0, 29

383, 41
398, 41
398, 49
383, 49
383, 41

13, 1
28, 1
28, 9
13, 9
13, 1

51, 20
66, 20
66, 28
51, 28
51, 20

192, 11
207, 11
207, 19
192, 19
192, 11

41, 20
56, 20
56, 28
41, 28
41, 20

289, 1
304, 1
304, 9
289, 9
289, 1

148, 4
163, 4
163, 12
148, 12
148, 4

45, 39
60, 39
60, 47
45, 47
45, 39

204, 1
219, 1
219, 9
204, 9
204, 1

401, 31
416, 31
416, 39
401, 39
401, 31

362, 1
377, 1
377, 9
362, 9
362, 1

318, 11
333, 11
333, 19
318, 19
318, 11

257, 30
272, 30
272, 38
257, 38
257, 30

301, 11
316, 11
316, 19
301, 19
301, 11

54, 21
69, 21
69, 29
54, 29
54, 21

296, 25
311, 25
311, 33
296, 33
296, 25

30, 9
45, 9
45, 17
30, 17
30, 9

113, 41
128, 41
128, 49
113, 49
113, 41

175, 16
190, 16
190, 24
175, 24
175, 16

171, 17
186, 17
186, 25
171, 25
171, 17

255, 1
270, 1
270, 9
255, 9
255, 1

352, 41
367, 41
367, 49
352, 49
352, 41

293, 22
308, 22
308, 30
293, 30
293, 22

306, 3
321, 3
321, 11
306, 11
306, 3

226, 1
241, 1
241, 9
226, 9
226, 1

58, 41
73, 41
73, 49
58, 49
58, 41

271, 40
286, 40
286, 48
271, 48
271, 40

105, 35
120, 35
120, 43
105, 43
105, 35

433, 1
448, 1
448, 9
433, 9
433, 1

392, 1
407, 1
407, 9
392, 9
392, 1

175, 26
190, 26
190, 34
175, 34
175, 26

334, 1
349, 1
349, 9
334, 9
334, 1

28, 27
43, 27
43, 35
28, 35
28, 27

164, 34
179, 34
179, 42
164, 42
164, 34

215, 1
230, 1
230, 9
215, 9
215, 1

168, 22
183, 22
183, 30
168, 30
168, 22

161, 41
176, 41
176, 49
161, 49
161, 41

418, 1
433, 1
433, 9
418, 9
418, 1

226, 36
241, 36
241, 44
226, 44
226, 36

320, 41
335, 41
335, 49
320, 49
320, 41

73, 41
88, 41
88, 49
73, 49
73, 41

98, 41
113, 41
113, 49
98, 49
98, 41

240, 41
255, 41
255, 49
240, 49
240, 41

92, 1
107, 1
107, 9
92, 9
92, 1

271, 3
286, 3
286, 11
271, 11
271, 3

338, 41
353, 41
353, 49
338, 49
338, 41

207, 17
222, 17
222, 25
207, 25
207, 17

47, 1
62, 1
62, 9
47, 9
47, 1

34, 41
49, 41
49, 49
34, 49
34, 41

309, 19
324, 19
324, 27
309, 27
309, 19

195, 3
210, 3
210, 11
195, 11
195, 3

379, 15
394, 15
394, 23
379, 23
379, 15

123, 10
138, 10
138, 18
123, 18
123, 10

161, 24
176, 24
176, 32
161, 32
161, 24

418, 38
433, 38
433, 46
418, 46
418, 38

350, 1
365, 1
365, 9
350, 9
350, 1

311, 23
326, 23
326, 31
311, 31
311, 23

394, 41
409, 41
409, 49
394, 49
394, 41

310, 40
325, 40
325, 48
310, 48
310, 40

247, 32
262, 32
262, 40
247, 40
247, 32

100, 24
115, 24
115, 32
100, 32
100, 24

172, 1
187, 1
187, 9
172, 9
172, 1

15, 41
30, 41
30, 49
15, 49
15, 41

127, 41
142, 41
142, 49
127, 49
127, 41

352, 30
367, 30
367, 38
352, 38
352, 30

49, 41
64, 41
64, 49
49, 49
49, 41

328, 5
343, 5
343, 13
328, 13
328, 5

87, 9
102, 9
102, 17
87, 17
87, 9

101, 3
116, 3
116, 11
101, 11
101, 3

40, 30
55, 30
55, 38
40, 38
40, 30

178, 41
193, 41
193, 49
178, 49
178, 41

193, 41
208, 41
208, 49
193, 49
193, 41

212, 36
227, 36
227, 44
212, 44
212, 36

268, 12
283, 12
283, 20
268, 20
268, 12

420, 41
435, 41
435, 49
420, 49
420, 41

134, 23
149, 23
149, 31
134, 31
134, 23

130, 16
145, 16
145, 24
130, 24
130, 16

101, 30
116, 30
116, 38
101, 38
101, 30

223, 7
238, 7
238, 15
223, 15
223, 7

36, 31
51, 31
51, 39
36, 39
36, 31

91, 41
106, 41
106, 49
91, 49
91, 41

416, 32
431, 32
431, 40
416, 40
416, 32

106, 24
121, 24
121, 32
106, 32
106, 24

72, 1
87, 1
87, 9
72, 9
72, 1

219, 41
234, 41
234, 49
219, 49
219, 41

433, 12
448, 12
448, 20
433, 20
433, 12

196, 37
211, 37
211, 45
196, 45
196, 37

305, 31
320, 31
320, 39
305, 39
305, 31

352, 22
367, 22
367, 30
352, 30
352, 22

116, 27
131, 27
131, 35
116, 35
116, 27

250, 1
265, 1
265, 9
250, 9
250, 1

429, 40
444, 40
444, 48
429, 48
429, 40

18, 22
33, 22
33, 30
18, 30
18, 22

390, 20
405, 20
405, 28
390, 28
390, 20

257, 41
272, 41
272, 49
257, 49
257, 41

349, 3
364, 3
364, 11
349, 11
349, 3

43, 41
58, 41
58, 49
43, 49
43, 41

347, 11
362, 11
362, 19
347, 19
347, 11

0, 16
15, 16
15, 24
0, 24
0, 16

300, 41
315, 41
315, 49
300, 49
300, 41

111, 9
126, 9
126, 17
111, 17
111, 9

75, 9
90, 9
90, 17
75, 17
75, 9

295, 17
310, 17
310, 25
295, 25
295, 17

73, 32
88, 32
88, 40
73, 40
73, 32

246, 14
261, 14
261, 22
246, 22
246, 14

9, 15
24, 15
24, 23
9, 23
9, 15

266, 1
281, 1
281, 9
266, 9
266, 1

405, 17
420, 17
420, 25
405, 25
405, 17

117, 1
132, 1
132, 9
117, 9
117, 1

197, 30
212, 30
212, 38
197, 38
197, 30

139, 1
154, 1
154, 9
139, 9
139, 1

62, 28
77, 28
77, 36
62, 36
62, 28

433, 1
448, 1
448, 9
433, 9
433, 1

145, 34
160, 34
160, 42
145, 42
145, 34

211, 28
226, 28
226, 36
211, 36
211, 28

288, 12
303, 12
303, 20
288, 20
288, 12

5, 3
20, 3
20, 11
5, 11
5, 3

286, 33
301, 33
301, 41
286, 41
286, 33

403, 21
418, 21
418, 29
403, 29
403, 21

433, 18
448, 18
448, 26
433, 26
433, 18

0, 1
15, 1
15, 9
0, 9
0, 1

34, 1
49, 1
49, 9
34, 9
34, 1

336, 20
351, 20
351, 28
336, 28
336, 20

36, 11
51, 11
51, 19
36, 19
36, 11

238, 2
253, 2
253, 10
238, 10
238, 2

288, 41
303, 41
303, 49
288, 49
288, 41

149, 30
164, 30
164, 38
149, 38
149, 30

367, 41
382, 41
382, 49
367, 49
367, 41

314, 1
329, 1
329, 9
314, 9
314, 1

230, 30
245, 30
245, 38
230, 38
230, 30

433, 41
448, 41
448, 49
433, 49
433, 41

276, 9
291, 9
291, 17
276, 17
276, 9

282, 23
297, 23
297, 31
282, 31
282, 23

433, 12
448, 12
448, 20
433, 20
433, 12

6, 32
21, 32
21, 40
6, 40
6, 32

138, 41
153, 41
153, 49
138, 49
138, 41

265, 21
280, 21
280, 29
265, 29
265, 21

14, 21
29, 21
29, 29
14, 29
14, 21

89, 1
104, 1
104, 9
89, 9
89, 1

162, 11
177, 11
177, 19
162, 19
162, 11

274, 30
289, 30
289, 38
274, 38
274, 30

397, 29
412, 29
412, 37
397, 37
397, 29

386, 16
401, 16
401, 24
386, 24
386, 16

85, 24
100, 24
100, 32
85, 32
85, 24

234, 41
249, 41
249, 49
234, 49
234, 41

409, 29
424, 29
424, 37
409, 37
409, 29

128, 2
143, 2
143, 10
128, 10
128, 2

52, 31
67, 31
67, 39
52, 39
52, 31

345, 19
360, 19
360, 27
345, 27
345, 19

375, 30
390, 30
390, 38
375, 38
375, 30

319, 1
334, 1
334, 9
319, 9
319, 1

375, 12
390, 12
390, 20
375, 20
375, 12

312, 10
327, 10
327, 18
312, 18
312, 10

19, 8
34, 8
34, 16
19, 16
19, 8

209, 23
224, 23
224, 31
209, 31
209, 23

98, 41
113, 41
113, 49
98, 49
98, 41

222, 17
237, 17
237, 25
222, 25
222, 17

347, 41
362, 41
362, 49
347, 49
347, 41

299, 1
314, 1
314, 9
299, 9
299, 1

192, 30
207, 30
207, 38
192, 38
192, 30

362, 41
377, 41
377, 49
362, 49
362, 41

142, 11
157, 11
157, 19
142, 19
142, 11

159, 1
174, 1
174, 9
159, 9
159, 1

133, 34
148, 34
148, 42
133, 42
133, 34

56, 14
71, 14
71, 22
56, 22
56, 14

22, 40
37, 40
37, 48
22, 48
22, 40

113, 30
128, 30
128, 38
113, 38
113, 30

15, 12
30, 12
30, 20
15, 20
15, 12

422, 29
437, 29
437, 37
422, 37
422, 29

322, 2
337, 2
337, 10
322, 10
322, 2

295, 5
310, 5
310, 13
295, 13
295, 5

360, 1
375, 1
375, 9
360, 9
360, 1

363, 22
378, 22
378, 30
363, 30
363, 22

381, 40
396, 40
396, 48
381, 48
381, 40

126, 15
141, 15
141, 23
126, 23
126, 15

121, 1
136, 1
136, 9
121, 9
121, 1

23, 15
38, 15
38, 23
23, 23
23, 15

385, 1
400, 1
400, 9
385, 9
385, 1

230, 41
245, 41
245, 49
230, 49
230, 41

70, 14
85, 14
85, 22
70, 22
70, 14

170, 8
185, 8
185, 16
170, 16
170, 8

256, 11
271, 11
271, 19
256, 19
256, 11

191, 41
206, 41
206, 49
191, 49
191, 41

290, 30
305, 30
305, 38
290, 38
290, 30

423, 1
438, 1
438, 9
423, 9
423, 1

334, 41
349, 41
349, 49
334, 49
334, 41

214, 12
229, 12
229, 20
214, 20
214, 12

51, 9
66, 9
66, 17
51, 17
51, 9

185, 21
200, 21
200, 29
185, 29
185, 21

207, 41
222, 41
222, 49
207, 49
207, 41

294, 40
309, 40
309, 48
294, 48
294, 40

351, 39
366, 39
366, 47
351, 47
351, 39

36, 19
51, 19
51, 27
36, 27
36, 19

392, 12
407, 12
407, 20
392, 20
392, 12

335, 10
350, 10
350, 18
335, 18
335, 10

93, 21
108, 21
108, 29
93, 29
93, 21

316, 41
331, 41
331, 49
316, 49
316, 41

203, 41
218, 41
218, 49
203, 49
203, 41

368, 23
383, 23
383, 31
368, 31
368, 23

177, 31
192, 31
192, 39
177, 39
177, 31

200, 13
215, 13
215, 21
200, 21
200, 13

223, 30
238, 30
238, 38
223, 38
223, 30

108, 1
123, 1
123, 9
108, 9
108, 1

308, 28
323, 28
323, 36
308, 36
308, 28

219, 1
234, 1
234, 9
219, 9
219, 1

28, 1
43, 1
43, 9
28, 9
28, 1

33, 24
48, 24
48, 32
33, 32
33, 24

342, 33
357, 33
357, 41
342, 41
342, 33

207, 32
222, 32
222, 40
207, 40
207, 32

241, 25
256, 25
256, 33
241, 33
241, 25

13, 34
28, 34
28, 42
13, 42
13, 34

EOF
pause -1 'Press any key to close.'
