M0 108.278 312.5 141.278 31.25
M1 8.46948 187.5 19.4695 31.25
M2 492.859 468.75 553.859 31.25
M3 325.77 250 404.77 31.25
M4 901.965 250 980.965 31.25
M5 434.465 500 515.465 31.25
M6 289.629 406.25 384.629 31.25
M7 774.853 562.5 854.853 31.25
M8 76.3631 187.5 155.363 31.25
M9 257.957 62.5 314.957 31.25
M10 388.455 562.5 411.455 31.25
M11 354.629 0 395.629 31.25
M12 656.352 531.25 735.352 31.25
M13 5.76538 531.25 17.7654 31.25
M14 123.465 218.75 206.465 31.25
M15 182.549 500 261.549 31.25
M16 738.243 62.5 823.243 31.25
M17 442.414 562.5 469.414 31.25
M18 132.658 406.25 227.658 31.25
M19 639.078 187.5 702.078 31.25
M20 8.02674 218.75 56.0267 31.25
M21 433.905 125 537.905 31.25
M22 897.324 531.25 977.324 31.25
M23 766.185 531.25 818.185 31.25
M24 839.847 375 948.847 31.25
M25 808.834 531.25 864.834 31.25
M26 152.217 312.5 247.217 31.25
M27 398.44 531.25 475.44 31.25
M28 136.893 437.5 168.893 31.25
M29 373.567 406.25 474.567 31.25
M30 736.267 0 763.267 31.25
M31 890 406.25 1000 31.25
M32 4.78082 468.75 28.7808 31.25
M33 489.368 281.25 544.368 31.25
M34 600.174 250 651.174 31.25
M35 8.66481 62.5 38.6648 31.25
M36 620.086 31.25 680.086 31.25
M37 267.975 468.75 347.975 31.25
M38 619.917 562.5 654.917 31.25
M39 707.052 62.5 733.052 31.25
M40 282.464 187.5 352.464 31.25
M41 306.124 31.25 382.124 31.25
M42 578.718 593.75 603.718 31.25
M43 630.309 0 676.309 31.25
M44 725.552 406.25 793.552 31.25
M45 754.866 62.5 851.866 31.25
M46 245.435 406.25 354.435 31.25
M47 584.308 468.75 639.308 31.25
M48 219.87 125 263.87 31.25
M49 312.752 62.5 332.752 31.25
M50 284.532 31.25 305.532 31.25
M51 14.1803 531.25 31.1803 31.25
M52 607.221 437.5 666.221 31.25
M53 82.307 468.75 140.307 31.25
M54 546.525 93.75 641.525 31.25
M55 28.9909 250 39.9909 31.25
M56 422.038 250 468.038 31.25
M57 753.178 468.75 817.178 31.25
M58 574.127 125 668.127 31.25
M59 461.886 468.75 503.886 31.25
M60 758.143 156.25 805.143 31.25
M61 135.937 0 178.937 31.25
M62 93.972 93.75 155.972 31.25
M63 430.112 62.5 501.112 31.25
M64 97.6564 156.25 144.656 31.25
M65 710.96 187.5 811.96 31.25
M66 896 375 1000 31.25
M67 494.926 31.25 530.926 31.25
M68 520.202 250 611.202 31.25
M69 289.472 62.5 302.472 31.25
M70 467.424 281.25 520.424 31.25
M71 223.079 531.25 271.079 31.25
M72 729.729 156.25 835.729 31.25
M73 8.87576 0 28.8758 31.25
M74 318.485 281.25 374.485 31.25
M75 4.36771 312.5 18.3677 31.25
M76 903 93.75 1000 31.25
M77 422.904 562.5 458.904 31.25
M78 105.827 500 122.827 31.25
M79 40.5005 312.5 111.5 31.25
M80 746.072 375 844.072 31.25
M81 913 343.75 1000 31.25
M82 658.882 250 721.882 31.25
M83 368.232 531.25 386.232 31.25
M84 561.382 562.5 586.382 31.25
M85 565.519 218.75 671.519 31.25
M86 532.368 593.75 588.368 31.25
M87 592.566 0 626.566 31.25
M88 607.137 406.25 677.137 31.25
M89 14.6435 187.5 64.6435 31.25
M90 796.838 93.75 831.838 31.25
M91 508.827 437.5 555.827 31.25
M92 530.415 312.5 639.415 31.25
M93 858.282 218.75 967.282 31.25
M94 89.431 593.75 115.431 31.25
M95 161.203 531.25 218.203 31.25
M96 561.089 0 594.089 31.25
M97 559.27 437.5 577.27 31.25
M98 408.384 125 445.384 31.25
M99 429.024 62.5 527.024 31.25
M100 128.042 500 169.042 31.25
M101 474.377 250 566.377 31.25
M102 124.279 531.25 185.279 31.25
M103 286.614 281.25 312.614 31.25
M104 318.568 218.75 372.568 31.25
M105 374.886 156.25 482.886 31.25
M106 579.737 62.5 656.737 31.25
M107 895 312.5 1000 31.25
M108 482.706 531.25 493.706 31.25
M109 388.995 0 403.995 31.25
M110 733.686 562.5 775.686 31.25
M111 19.3636 343.75 46.3636 31.25
M112 522.518 218.75 607.518 31.25
M113 154.799 343.75 172.799 31.25
M114 787.217 468.75 872.217 31.25
M115 665.992 62.5 717.992 31.25
M116 131.909 62.5 204.909 31.25
M117 892 187.5 1000 31.25
M118 585.827 31.25 643.827 31.25
M119 288.396 218.75 303.396 31.25
M120 249.141 562.5 301.141 31.25
M121 30.4736 437.5 75.4736 31.25
M122 53.2381 250 66.2381 31.25
M123 427.23 406.25 464.23 31.25
M124 544.89 468.75 623.89 31.25
M125 499.787 93.75 553.787 31.25
M126 166.273 31.25 177.273 31.25
M127 502.816 281.25 602.816 31.25
M128 478.64 31.25 505.64 31.25
M129 360.78 250 435.78 31.25
M130 214.354 0 284.354 31.25
M131 607.261 500 639.261 31.25
M132 676.6 187.5 770.6 31.25
M133 11.1817 500 29.1817 31.25
M134 901 156.25 1000 31.25
M135 0.668837 31.25 28.6688 31.25
M136 150.366 468.75 239.366 31.25
M137 909.271 125 983.271 31.25
M138 727.409 500 772.409 31.25
M139 112.038 125 202.038 31.25
M140 536.988 187.5 640.988 31.25
M141 12.492 281.25 23.492 31.25
M142 796.632 406.25 899.632 31.25
M143 780.27 125 836.27 31.25
M144 175.596 468.75 278.596 31.25
M145 432.681 62.5 490.681 31.25
M146 888.178 312.5 941.178 31.25
M147 50.7409 343.75 120.741 31.25
M148 626.623 531.25 662.623 31.25
M149 535.531 500 614.531 31.25
M150 18.5091 281.25 34.5091 31.25
M151 271.265 93.75 373.265 31.25
M152 181.487 62.5 239.487 31.25
M153 917.326 0 982.326 31.25
M154 57.2849 218.75 69.2849 31.25
M155 384.368 437.5 492.368 31.25
M156 405.742 312.5 488.742 31.25
M157 468.025 93.75 510.025 31.25
M158 267.914 531.25 345.914 31.25
M159 19.8868 0 56.8868 31.25
M160 129.322 156.25 233.322 31.25
M161 832.886 62.5 883.886 31.25
M162 379.471 343.75 479.471 31.25
M163 714.615 593.75 763.615 31.25
M164 193.259 31.25 217.259 31.25
M165 723.719 250 772.719 31.25
M166 670.922 437.5 758.922 31.25
M167 872.033 562.5 955.033 31.25
M168 275.332 531.25 321.332 31.25
M169 482.03 187.5 574.03 31.25
M170 644.214 187.5 739.214 31.25
M171 123.76 343.75 212.76 31.25
M172 393.293 468.75 478.293 31.25
M173 471.025 0 507.025 31.25
M174 585.6 343.75 689.6 31.25
M175 612.798 375 704.798 31.25
M176 4.08216 437.5 42.0822 31.25
M177 501.155 437.5 587.155 31.25
M178 141.381 281.25 224.381 31.25
M179 918.034 500 994.034 31.25
M180 568.715 343.75 666.715 31.25
M181 83.3978 31.25 134.398 31.25
M182 27.6989 531.25 64.6989 31.25
M183 350.731 31.25 424.731 31.25
M184 445.965 0 477.965 31.25
M185 467.379 593.75 517.379 31.25
M186 773.263 437.5 865.263 31.25
M187 24.363 31.25 65.363 31.25
M188 495.385 0 538.385 31.25
M189 619.89 312.5 694.89 31.25
M190 66.1517 500 118.152 31.25
M191 824.363 187.5 880.363 31.25
M192 119.818 500 156.818 31.25
M193 663.089 562.5 714.089 31.25
M194 115.582 343.75 135.582 31.25
M195 81.1871 0 93.1871 31.25
M196 322.583 312.5 415.583 31.25
M197 218.617 218.75 278.617 31.25
M198 111.954 531.25 127.954 31.25
M199 649.767 156.25 743.767 31.25
M200 49.2859 125 112.286 31.25
M201 778.051 218.75 856.051 31.25
M202 452.654 31.25 525.654 31.25
M203 804.169 0 875.169 31.25
M204 892 250 1000 31.25
M205 602.584 0 620.584 31.25
M206 913.281 281.25 997.281 31.25
M207 899.338 312.5 981.338 31.25
M208 478.28 312.5 562.28 31.25
M209 5.54557 500 18.5456 31.25
M210 25.0265 468.75 67.0265 31.25
M211 88.2562 0 101.256 31.25
M212 697.845 375 795.845 31.25
M213 780.371 375 877.371 31.25
M214 899.449 0 963.449 31.25
M215 48.8927 593.75 79.8927 31.25
M216 242.667 156.25 351.667 31.25
M217 384.037 562.5 435.037 31.25
M218 308.154 375 415.154 31.25
M219 354.774 125 443.774 31.25
M220 252.152 312.5 360.152 31.25
M221 599.528 562.5 634.528 31.25
M222 339.144 187.5 440.144 31.25
M223 470.816 562.5 494.816 31.25
M224 507.261 562.5 518.261 31.25
M225 28.5226 281.25 62.5226 31.25
M226 851.599 468.75 956.599 31.25
M227 211.415 281.25 286.415 31.25
M228 46.6274 531.25 90.6274 31.25
M229 609.018 93.75 676.018 31.25
M230 297.201 343.75 321.201 31.25
M231 821.355 500 903.355 31.25
M232 524.86 125 546.86 31.25
M233 323.681 562.5 362.681 31.25
M234 402.745 281.25 505.745 31.25
M235 538.347 125 589.347 31.25
M236 214.678 31.25 294.678 31.25
M237 758.785 281.25 844.785 31.25
M238 362.381 531.25 385.381 31.25
M239 595.863 531.25 646.863 31.25
M240 695.692 31.25 757.692 31.25
M241 58.9899 250 83.9899 31.25
M242 60.4584 375 143.458 31.25
M243 312.041 437.5 401.041 31.25
M244 783.175 31.25 875.175 31.25
M245 897 375 1000 31.25
M246 76.5314 218.75 159.531 31.25
M247 866.657 93.75 949.657 31.25
M248 540.636 62.5 587.636 31.25
M249 131.886 468.75 160.886 31.25
M250 504.596 406.25 602.596 31.25
M251 704.758 250 806.758 31.25
M252 36.6412 0 64.6412 31.25
M253 186.339 0 233.339 31.25
M254 259.295 0 309.295 31.25
M255 14.9676 562.5 33.9676 31.25
M256 403.476 500 435.476 31.25
M257 771.728 0 795.728 31.25
M258 99.8883 343.75 157.888 31.25
M259 157.786 406.25 184.786 31.25
M260 553.669 31.25 581.669 31.25
M261 170.19 593.75 186.19 31.25
M262 811.646 343.75 920.646 31.25
M263 891.848 31.25 962.848 31.25
M264 172.01 375 280.01 31.25
M265 846.73 31.25 889.73 31.25
M266 731.507 93.75 827.507 31.25
M267 492.13 375 596.13 31.25
M268 408.641 0 441.641 31.25
M269 77.8086 562.5 103.809 31.25
M270 98.8438 281.25 174.844 31.25
M271 42.3424 437.5 98.3424 31.25
M272 838.654 125 928.654 31.25
M273 705.108 343.75 810.108 31.25
M274 906.193 62.5 977.193 31.25
M275 150.387 593.75 167.387 31.25
M276 498.089 93.75 542.089 31.25
M277 211.315 593.75 224.315 31.25
M278 233.202 437.5 336.202 31.25
M279 495.288 156.25 595.288 31.25
M280 240.307 375 348.307 31.25
M281 739.306 187.5 782.306 31.25
M282 493.616 531.25 536.616 31.25
M283 56.5136 31.25 79.5136 31.25
M284 193.098 218.75 252.098 31.25
M285 43.0151 156.25 76.0151 31.25
M286 187.31 562.5 247.31 31.25
M287 39.9341 312.5 96.9341 31.25
M288 431.554 187.5 525.554 31.25
M289 497.547 593.75 508.547 31.25
M290 342.867 62.5 421.867 31.25
M291 377.803 281.25 459.803 31.25
M292 54.2175 187.5 124.218 31.25
M293 755.357 93.75 783.357 31.25
M294 424.88 0 450.88 31.25
M295 640.409 500 722.409 31.25
M296 486.522 406.25 584.522 31.25
M297 171.47 31.25 264.47 31.25
M298 188.367 343.75 287.367 31.25
M299 402.893 156.25 512.893 31.25
M300 476.87 218.75 534.87 31.25
M301 494.571 468.75 510.571 31.25
M302 748.436 406.25 844.436 31.25
M303 72.3637 93.75 110.364 31.25
M304 20.3403 312.5 41.3403 31.25
M305 472.003 156.25 515.003 31.25
M306 548.581 156.25 612.581 31.25
M307 519.297 562.5 543.297 31.25
M308 639.218 500 685.218 31.25
M309 107.002 562.5 123.002 31.25
M310 566.127 437.5 611.127 31.25
M311 637.689 156.25 686.689 31.25
M312 335.6 0 356.6 31.25
M313 246.025 468.75 349.025 31.25
M314 678.15 31.25 708.15 31.25
M315 341.796 593.75 362.796 31.25
M316 811.863 281.25 905.863 31.25
M317 268.835 250 350.835 31.25
M318 473.378 31.25 514.378 31.25
M319 697.133 468.75 761.133 31.25
M320 8.74535 500 31.7454 31.25
M321 396.611 31.25 432.611 31.25
M322 66.2914 0 87.2914 31.25
M323 669.506 218.75 742.506 31.25
M324 685.416 125 764.416 31.25
M325 37.496 468.75 86.496 31.25
M326 96.6971 0 139.697 31.25
M327 745.281 500 805.281 31.25
M328 16.5082 125 64.5082 31.25
M329 685.55 0 723.55 31.25
M330 903.215 562.5 984.215 31.25
M331 322.038 500 394.038 31.25
M332 590.995 62.5 649.995 31.25
M333 302.001 0 348.001 31.25
M334 703.065 437.5 785.065 31.25
M335 400.867 593.75 412.867 31.25
M336 437.714 281.25 484.714 31.25
M337 91.9815 437.5 157.981 31.25
M338 69.9434 281.25 100.943 31.25
M339 167.861 93.75 244.861 31.25
M340 142.443 0 180.443 31.25
M341 670.025 593.75 708.025 31.25
M342 835.759 562.5 923.759 31.25
M343 512.566 31.25 530.566 31.25
M344 526.324 281.25 634.324 31.25
M345 248.554 125 356.554 31.25
M346 254.614 312.5 280.614 31.25
M347 337.89 500 412.89 31.25
M348 920.103 437.5 997.103 31.25
M349 131.455 125 218.455 31.25
M350 94.6333 531.25 111.633 31.25
M351 155.277 468.75 241.277 31.25
M352 83.8168 125 162.817 31.25
M353 712.294 531.25 747.294 31.25
M354 505.851 125 525.851 31.25
M355 381.885 406.25 413.885 31.25
M356 7.62689 437.5 23.6269 31.25
M357 391.108 93.75 476.108 31.25
M358 24.968 406.25 88.968 31.25
M359 43.7496 156.25 107.75 31.25
M360 88.4773 406.25 175.477 31.25
M361 2.87385 250 21.8738 31.25
M362 342.356 0 366.356 31.25
M363 354.831 468.75 430.831 31.25
M364 718.018 0 778.018 31.25
M365 341.562 406.25 364.562 31.25
M366 357.329 187.5 457.329 31.25
M367 528.134 531.25 603.134 31.25
M368 712.456 250 816.456 31.25
M369 115.321 31.25 160.321 31.25
M370 333.233 62.5 345.233 31.25
M371 174.765 250 269.765 31.25
M372 4.36771 312.5 18.3677 31.25
M373 414.483 343.75 522.483 31.25
M374 596.09 31.25 615.09 31.25
M375 783.888 250 865.888 31.25
M376 53.8833 437.5 108.883 31.25
M377 33.2934 93.75 88.2934 31.25
M378 533.049 0 544.049 31.25
M379 32.8675 562.5 48.8675 31.25
M380 43.1712 156.25 77.1712 31.25
M381 295.417 562.5 359.417 31.25
M382 146.425 187.5 222.425 31.25
M383 526.157 31.25 568.157 31.25
M384 2.23612 156.25 27.2361 31.25
M385 427.752 250 490.752 31.25
M386 420.709 593.75 466.709 31.25
M387 80.1044 250 166.104 31.25
M388 661.154 281.25 744.154 31.25
M389 889.244 281.25 999.244 31.25
M390 862.728 0 935.728 31.25
M391 792.188 156.25 902.188 31.25
M392 756.395 31.25 835.395 31.25
M393 178.233 375 287.233 31.25
M394 858.63 531.25 953.63 31.25
M395 413.565 531.25 461.565 31.25
M396 569.135 343.75 608.135 31.25
M397 509.298 0 540.298 31.25
M398 359.429 562.5 424.429 31.25
M399 7.1973 375 55.1973 31.25
