M0 99.2384 281.25 132.238 31.25
M1 0 156.25 11 31.25
M2 486.873 500 547.873 31.25
M3 317.475 250 396.475 31.25
M4 921 250 1000 31.25
M5 428.524 500 509.524 31.25
M6 280.656 406.25 375.656 31.25
M7 779.926 562.5 859.926 31.25
M8 67.3227 187.5 146.323 31.25
M9 249.154 62.5 306.154 31.25
M10 374.447 562.5 397.447 31.25
M11 349.942 0 390.942 31.25
M12 657.582 531.25 736.582 31.25
M13 0 531.25 12 31.25
M14 115.865 218.75 198.865 31.25
M15 173.948 531.25 252.948 31.25
M16 740.607 62.5 825.607 31.25
M17 439.743 562.5 466.743 31.25
M18 125.835 437.5 220.835 31.25
M19 641.409 218.75 704.409 31.25
M20 0 218.75 48 31.25
M21 429.754 125 533.754 31.25
M22 920 562.5 1000 31.25
M23 768.735 531.25 820.735 31.25
M24 847.681 406.25 956.681 31.25
M25 817.889 500 873.889 31.25
M26 144.761 343.75 239.761 31.25
M27 394.578 531.25 471.578 31.25
M28 129.569 468.75 161.569 31.25
M29 366.597 406.25 467.597 31.25
M30 736.107 0 763.107 31.25
M31 890 437.5 1000 31.25
M32 0 468.75 24 31.25
M33 483.363 281.25 538.363 31.25
M34 599.913 250 650.913 31.25
M35 0 62.5 30 31.25
M36 621.855 31.25 681.855 31.25
M37 261.615 468.75 341.615 31.25
M38 616.459 562.5 651.459 31.25
M39 712.137 31.25 738.137 31.25
M40 274.036 187.5 344.036 31.25
M41 299.285 31.25 375.285 31.25
M42 580.024 562.5 605.024 31.25
M43 633.475 0 679.475 31.25
M44 727.364 406.25 795.364 31.25
M45 760.079 62.5 857.079 31.25
M46 238.497 406.25 347.497 31.25
M47 581.459 468.75 636.459 31.25
M48 213.234 93.75 257.234 31.25
M49 304.717 62.5 324.717 31.25
M50 276.929 0 297.929 31.25
M51 4.56794 531.25 21.5679 31.25
M52 605.973 437.5 664.973 31.25
M53 74.014 437.5 132.014 31.25
M54 543.289 93.75 638.289 31.25
M55 23.1277 250 34.1277 31.25
M56 421.379 218.75 467.379 31.25
M57 756.58 468.75 820.58 31.25
M58 574.016 125 668.016 31.25
M59 454.243 406.25 496.243 31.25
M60 758.804 156.25 805.804 31.25
M61 133.362 0 176.362 31.25
M62 86.7409 62.5 148.741 31.25
M63 425.196 125 496.196 31.25
M64 87.4195 156.25 134.419 31.25
M65 712.955 187.5 813.955 31.25
M66 896 375 1000 31.25
M67 490.153 0 526.153 31.25
M68 516.427 250 607.427 31.25
M69 282.015 0 295.015 31.25
M70 458.488 281.25 511.488 31.25
M71 211.019 562.5 259.019 31.25
M72 733.403 187.5 839.403 31.25
M73 0 0 20 31.25
M74 312.643 281.25 368.643 31.25
M75 0 312.5 14 31.25
M76 903 125 1000 31.25
M77 420.372 593.75 456.372 31.25
M78 98.97 468.75 115.97 31.25
M79 32.9558 312.5 103.956 31.25
M80 750.625 406.25 848.625 31.25
M81 913 343.75 1000 31.25
M82 659.715 250 722.715 31.25
M83 355.834 562.5 373.834 31.25
M84 557.223 562.5 582.223 31.25
M85 564.196 218.75 670.196 31.25
M86 532.25 593.75 588.25 31.25
M87 590.992 0 624.992 31.25
M88 606.358 406.25 676.358 31.25
M89 5.99366 187.5 55.9937 31.25
M90 806.339 93.75 841.339 31.25
M91 504.506 468.75 551.506 31.25
M92 526.958 281.25 635.958 31.25
M93 871.357 218.75 980.357 31.25
M94 87.2011 593.75 113.201 31.25
M95 156.408 531.25 213.408 31.25
M96 561.437 0 594.437 31.25
M97 552.749 468.75 570.749 31.25
M98 404.844 62.5 441.844 31.25
M99 424.479 62.5 522.479 31.25
M100 119.171 500 160.171 31.25
M101 467.827 250 559.827 31.25
M102 115.494 562.5 176.494 31.25
M103 277.353 281.25 303.353 31.25
M104 312.161 218.75 366.161 31.25
M105 367.582 156.25 475.582 31.25
M106 579.306 62.5 656.306 31.25
M107 895 312.5 1000 31.25
M108 472.682 531.25 483.682 31.25
M109 376.494 0 391.494 31.25
M110 737.52 562.5 779.52 31.25
M111 11.2434 343.75 38.2434 31.25
M112 518.39 218.75 603.39 31.25
M113 148.653 375 166.653 31.25
M114 794.428 468.75 879.428 31.25
M115 666.042 62.5 718.042 31.25
M116 124.338 31.25 197.338 31.25
M117 892 187.5 1000 31.25
M118 582.974 0 640.974 31.25
M119 279.452 187.5 294.452 31.25
M120 242.409 531.25 294.409 31.25
M121 22.8175 437.5 67.8175 31.25
M122 46.4552 281.25 59.4552 31.25
M123 424.248 406.25 461.248 31.25
M124 541.677 437.5 620.677 31.25
M125 494.771 125 548.771 31.25
M126 157.552 62.5 168.552 31.25
M127 498.547 281.25 598.547 31.25
M128 470.521 93.75 497.521 31.25
M129 350.829 250 425.829 31.25
M130 207.879 0 277.879 31.25
M131 602.682 500 634.682 31.25
M132 678.153 156.25 772.153 31.25
M133 1.02381 468.75 19.0238 31.25
M134 901 156.25 1000 31.25
M135 0 31.25 28 31.25
M136 143.177 437.5 232.177 31.25
M137 926 156.25 1000 31.25
M138 728.959 500 773.959 31.25
M139 104.054 93.75 194.054 31.25
M140 533.565 187.5 637.565 31.25
M141 0.814987 281.25 11.815 31.25
M142 800.455 375 903.455 31.25
M143 785.779 125 841.779 31.25
M144 166.893 468.75 269.893 31.25
M145 428.658 93.75 486.658 31.25
M146 894.455 343.75 947.455 31.25
M147 42.7839 343.75 112.784 31.25
M148 628.022 531.25 664.022 31.25
M149 532.661 500 611.661 31.25
M150 9.18996 281.25 25.19 31.25
M151 263.767 93.75 365.767 31.25
M152 170.203 62.5 228.203 31.25
M153 935 0 1000 31.25
M154 52.1398 250 64.1398 31.25
M155 378.384 437.5 486.384 31.25
M156 401.54 343.75 484.54 31.25
M157 459.47 93.75 501.47 31.25
M158 260.632 562.5 338.632 31.25
M159 10.8497 0 47.8497 31.25
M160 121.676 156.25 225.676 31.25
M161 838.66 62.5 889.66 31.25
M162 373.452 312.5 473.452 31.25
M163 714.919 593.75 763.919 31.25
M164 178.961 31.25 202.961 31.25
M165 726.402 250 775.402 31.25
M166 671.762 406.25 759.762 31.25
M167 880.622 562.5 963.622 31.25
M168 268.332 500 314.332 31.25
M169 475.605 218.75 567.605 31.25
M170 645.099 187.5 740.099 31.25
M171 116.427 375 205.427 31.25
M172 389.699 468.75 474.699 31.25
M173 464.824 0 500.824 31.25
M174 586.647 375 690.647 31.25
M175 613.515 343.75 705.515 31.25
M176 0 437.5 38 31.25
M177 496.973 468.75 582.973 31.25
M178 133.687 281.25 216.687 31.25
M179 924 500 1000 31.25
M180 567.007 281.25 665.007 31.25
M181 73.2522 31.25 124.252 31.25
M182 19.7214 531.25 56.7214 31.25
M183 342.038 62.5 416.038 31.25
M184 438.621 0 470.621 31.25
M185 466.011 593.75 516.011 31.25
M186 779.343 437.5 871.343 31.25
M187 17.3191 31.25 58.3191 31.25
M188 491.441 0 534.441 31.25
M189 621.676 312.5 696.676 31.25
M190 58.0116 500 110.012 31.25
M191 831.436 187.5 887.436 31.25
M192 111.79 531.25 148.79 31.25
M193 664.877 562.5 715.877 31.25
M194 107.374 312.5 127.374 31.25
M195 71.9267 0 83.9267 31.25
M196 314.314 343.75 407.314 31.25
M197 211.77 187.5 271.77 31.25
M198 105.618 531.25 121.618 31.25
M199 651.242 125 745.242 31.25
M200 42.0588 125 105.059 31.25
M201 784.21 218.75 862.21 31.25
M202 446.309 62.5 519.309 31.25
M203 811.224 0 882.224 31.25
M204 892 281.25 1000 31.25
M205 601.084 0 619.084 31.25
M206 916 312.5 1000 31.25
M207 918 343.75 1000 31.25
M208 471.993 312.5 555.993 31.25
M209 0 500 13 31.25
M210 17.1197 500 59.1197 31.25
M211 80.9476 0 93.9476 31.25
M212 698.547 375 796.547 31.25
M213 787.442 375 884.442 31.25
M214 924.617 0 988.617 31.25
M215 46.7954 593.75 77.7954 31.25
M216 234.378 156.25 343.378 31.25
M217 375.706 562.5 426.706 31.25
M218 299.608 375 406.608 31.25
M219 347.355 125 436.355 31.25
M220 244.988 312.5 352.988 31.25
M221 593.641 562.5 628.641 31.25
M222 331.314 187.5 432.314 31.25
M223 464.528 562.5 488.528 31.25
M224 500.716 562.5 511.716 31.25
M225 21.5206 281.25 55.5206 31.25
M226 862.013 468.75 967.013 31.25
M227 204.035 281.25 279.035 31.25
M228 39.2489 562.5 83.2489 31.25
M229 609.543 93.75 676.543 31.25
M230 284.438 343.75 308.438 31.25
M231 826.554 531.25 908.554 31.25
M232 518.985 156.25 540.985 31.25
M233 320.392 500 359.392 31.25
M234 396.789 312.5 499.789 31.25
M235 531.932 125 582.932 31.25
M236 207.998 31.25 287.998 31.25
M237 763.243 281.25 849.243 31.25
M238 351.71 562.5 374.71 31.25
M239 591.638 500 642.638 31.25
M240 697.203 31.25 759.203 31.25
M241 51.0038 218.75 76.0038 31.25
M242 52.6267 375 135.627 31.25
M243 302.205 437.5 391.205 31.25
M244 789.537 0 881.537 31.25
M245 897 375 1000 31.25
M246 68.3881 218.75 151.388 31.25
M247 874.514 62.5 957.514 31.25
M248 534.906 62.5 581.906 31.25
M249 123.079 468.75 152.079 31.25
M250 501.594 406.25 599.594 31.25
M251 705.968 218.75 807.968 31.25
M252 30.5703 0 58.5703 31.25
M253 173.263 0 220.263 31.25
M254 251.199 31.25 301.199 31.25
M255 6.45018 562.5 25.4502 31.25
M256 399.557 500 431.557 31.25
M257 772.675 0 796.675 31.25
M258 91.0741 343.75 149.074 31.25
M259 152.218 187.5 179.218 31.25
M260 548.452 31.25 576.452 31.25
M261 170.122 593.75 186.122 31.25
M262 814.191 343.75 923.191 31.25
M263 910.398 31.25 981.398 31.25
M264 164.014 406.25 272.014 31.25
M265 851.657 31.25 894.657 31.25
M266 734.482 93.75 830.482 31.25
M267 486.831 343.75 590.831 31.25
M268 403.538 0 436.538 31.25
M269 70.6372 531.25 96.6372 31.25
M270 91.7129 281.25 167.713 31.25
M271 34.9451 437.5 90.9451 31.25
M272 840.125 125 930.125 31.25
M273 706.589 312.5 811.589 31.25
M274 929 93.75 1000 31.25
M275 149.756 593.75 166.756 31.25
M276 493.986 93.75 537.986 31.25
M277 209.547 593.75 222.547 31.25
M278 223.581 437.5 326.581 31.25
M279 490.592 156.25 590.592 31.25
M280 232.081 343.75 340.081 31.25
M281 741.907 156.25 784.907 31.25
M282 485.057 531.25 528.057 31.25
M283 50.7033 62.5 73.7033 31.25
M284 183.475 218.75 242.475 31.25
M285 36.2108 250 69.2108 31.25
M286 184.461 593.75 244.461 31.25
M287 32.4366 312.5 89.4366 31.25
M288 427.444 187.5 521.444 31.25
M289 493.28 593.75 504.28 31.25
M290 333.743 62.5 412.743 31.25
M291 370.579 281.25 452.579 31.25
M292 46.4464 218.75 116.446 31.25
M293 757.208 125 785.208 31.25
M294 425.792 31.25 451.792 31.25
M295 642.583 468.75 724.583 31.25
M296 480.294 437.5 578.294 31.25
M297 161.084 0 254.084 31.25
M298 180.742 375 279.742 31.25
M299 396.949 187.5 506.949 31.25
M300 470.273 218.75 528.273 31.25
M301 483.504 468.75 499.504 31.25
M302 753.284 468.75 849.284 31.25
M303 62.8149 62.5 100.815 31.25
M304 12.5809 312.5 33.5809 31.25
M305 464.033 125 507.033 31.25
M306 545.521 156.25 609.521 31.25
M307 514.237 562.5 538.237 31.25
M308 645.108 500 691.108 31.25
M309 98.5904 562.5 114.59 31.25
M310 564.818 437.5 609.818 31.25
M311 639.32 156.25 688.32 31.25
M312 324.262 0 345.262 31.25
M313 238.507 406.25 341.507 31.25
M314 675.047 31.25 705.047 31.25
M315 341.778 593.75 362.778 31.25
M316 815.11 250 909.11 31.25
M317 261.207 250 343.207 31.25
M318 467.677 31.25 508.677 31.25
M319 696.349 468.75 760.349 31.25
M320 0 500 23 31.25
M321 384.272 31.25 420.272 31.25
M322 57.5728 0 78.5728 31.25
M323 670.809 187.5 743.809 31.25
M324 686.212 93.75 765.212 31.25
M325 29.7665 468.75 78.7665 31.25
M326 87.1006 0 130.101 31.25
M327 748.73 468.75 808.73 31.25
M328 7.98722 156.25 55.9872 31.25
M329 684.638 0 722.638 31.25
M330 919 593.75 1000 31.25
M331 313.447 500 385.447 31.25
M332 588.781 31.25 647.781 31.25
M333 292.05 0 338.05 31.25
M334 704.028 437.5 786.028 31.25
M335 400.844 593.75 412.844 31.25
M336 434.512 250 481.512 31.25
M337 83.7379 437.5 149.738 31.25
M338 60.9894 281.25 91.9894 31.25
M339 157.802 125 234.802 31.25
M340 139.64 31.25 177.64 31.25
M341 670.058 593.75 708.058 31.25
M342 838.77 593.75 926.77 31.25
M343 508.347 31.25 526.347 31.25
M344 522.581 312.5 630.581 31.25
M345 240.423 125 348.423 31.25
M346 248.576 312.5 274.576 31.25
M347 330.01 531.25 405.01 31.25
M348 923 437.5 1000 31.25
M349 123.699 93.75 210.699 31.25
M350 85.2462 562.5 102.246 31.25
M351 148.219 437.5 234.219 31.25
M352 77.415 125 156.415 31.25
M353 710.372 531.25 745.372 31.25
M354 505.206 125 525.206 31.25
M355 368.538 406.25 400.538 31.25
M356 0 406.25 16 31.25
M357 384.132 93.75 469.132 31.25
M358 16.9994 406.25 80.9994 31.25
M359 36.1957 156.25 100.196 31.25
M360 80.5595 406.25 167.56 31.25
M361 0 250 19 31.25
M362 334.772 0 358.772 31.25
M363 345.717 500 421.717 31.25
M364 719.441 0 779.441 31.25
M365 341.334 406.25 364.334 31.25
M366 350.472 218.75 450.472 31.25
M367 525.45 531.25 600.45 31.25
M368 714.461 250 818.461 31.25
M369 111.458 0 156.458 31.25
M370 323.366 62.5 335.366 31.25
M371 165.426 250 260.426 31.25
M372 0 312.5 14 31.25
M373 408.663 375 516.663 31.25
M374 593.648 62.5 612.648 31.25
M375 790.758 250 872.758 31.25
M376 46.5023 468.75 101.502 31.25
M377 26.4144 93.75 81.4144 31.25
M378 531.889 0 542.889 31.25
M379 24.2362 562.5 40.2362 31.25
M380 36.7998 187.5 70.7998 31.25
M381 289.816 562.5 353.816 31.25
M382 139.157 187.5 215.157 31.25
M383 518.222 31.25 560.222 31.25
M384 0 125 25 31.25
M385 424.126 250 487.126 31.25
M386 420.458 593.75 466.458 31.25
M387 72.9129 250 158.913 31.25
M388 662.624 281.25 745.624 31.25
M389 890 281.25 1000 31.25
M390 863.98 0 936.98 31.25
M391 796.513 156.25 906.513 31.25
M392 761.471 31.25 840.471 31.25
M393 170.586 375 279.586 31.25
M394 866.95 531.25 961.95 31.25
M395 409.371 562.5 457.371 31.25
M396 568.496 343.75 607.496 31.25
M397 506.112 0 537.112 31.25
M398 354.184 593.75 419.184 31.25
M399 0 375 48 31.25
