M0 99.007 281.25 132.007 31.25
M1 0 156.25 11 31.25
M2 485.083 500 546.083 31.25
M3 316.526 218.75 395.526 31.25
M4 921 250 1000 31.25
M5 426.815 500 507.815 31.25
M6 278.895 406.25 373.895 31.25
M7 780.098 562.5 860.098 31.25
M8 66.9694 187.5 145.969 31.25
M9 247.872 62.5 304.872 31.25
M10 369.993 531.25 392.993 31.25
M11 351.64 0 392.64 31.25
M12 655.335 531.25 734.335 31.25
M13 0 531.25 12 31.25
M14 116.597 218.75 199.597 31.25
M15 176.055 531.25 255.055 31.25
M16 739.065 62.5 824.065 31.25
M17 437.391 562.5 464.391 31.25
M18 127.692 437.5 222.692 31.25
M19 639.694 218.75 702.694 31.25
M20 0 218.75 48 31.25
M21 428.72 156.25 532.72 31.25
M22 920 562.5 1000 31.25
M23 767.7 531.25 819.7 31.25
M24 846.046 375 955.046 31.25
M25 820.527 500 876.527 31.25
M26 146.478 343.75 241.478 31.25
M27 394.026 531.25 471.026 31.25
M28 130.378 468.75 162.378 31.25
M29 365.461 406.25 466.461 31.25
M30 734.197 0 761.197 31.25
M31 890 437.5 1000 31.25
M32 0 468.75 24 31.25
M33 481.075 312.5 536.075 31.25
M34 597.531 250 648.531 31.25
M35 0 62.5 30 31.25
M36 619.617 31.25 679.617 31.25
M37 260.836 500 340.836 31.25
M38 612.262 562.5 647.262 31.25
M39 711.591 31.25 737.591 31.25
M40 272.85 218.75 342.85 31.25
M41 299.014 31.25 375.014 31.25
M42 579.04 562.5 604.04 31.25
M43 632.195 0 678.195 31.25
M44 726.35 406.25 794.35 31.25
M45 759.704 62.5 856.704 31.25
M46 237.938 406.25 346.938 31.25
M47 578.043 468.75 633.043 31.25
M48 215.011 93.75 259.011 31.25
M49 303.475 62.5 323.475 31.25
M50 277.653 0 298.653 31.25
M51 2.56123 500 19.5612 31.25
M52 603.369 437.5 662.369 31.25
M53 74.0641 437.5 132.064 31.25
M54 540.274 62.5 635.274 31.25
M55 24.5414 250 35.5414 31.25
M56 422.306 250 468.306 31.25
M57 755.865 468.75 819.865 31.25
M58 571.674 125 665.674 31.25
M59 452.182 406.25 494.182 31.25
M60 756.373 156.25 803.373 31.25
M61 135.446 0 178.446 31.25
M62 87.4437 62.5 149.444 31.25
M63 424.034 125 495.034 31.25
M64 86.47 125 133.47 31.25
M65 711.505 187.5 812.505 31.25
M66 896 375 1000 31.25
M67 487.765 31.25 523.765 31.25
M68 514.021 250 605.021 31.25
M69 282.198 0 295.198 31.25
M70 454.529 281.25 507.529 31.25
M71 210.57 593.75 258.57 31.25
M72 732.536 187.5 838.536 31.25
M73 0 0 20 31.25
M74 312.634 281.25 368.634 31.25
M75 0 312.5 14 31.25
M76 903 125 1000 31.25
M77 420.107 593.75 456.107 31.25
M78 99.8618 468.75 116.862 31.25
M79 33.3969 312.5 104.397 31.25
M80 750.473 406.25 848.473 31.25
M81 913 343.75 1000 31.25
M82 657.22 250 720.22 31.25
M83 353.95 468.75 371.95 31.25
M84 553.711 562.5 578.711 31.25
M85 561.077 218.75 667.077 31.25
M86 532.249 593.75 588.249 31.25
M87 588.621 0 622.621 31.25
M88 603.24 406.25 673.24 31.25
M89 4.99346 187.5 54.9935 31.25
M90 807.053 93.75 842.053 31.25
M91 502.3 468.75 549.3 31.25
M92 524.355 281.25 633.355 31.25
M93 873.885 218.75 982.885 31.25
M94 87.224 593.75 113.224 31.25
M95 159.89 531.25 216.89 31.25
M96 560.597 31.25 593.597 31.25
M97 548.258 468.75 566.258 31.25
M98 406.642 62.5 443.642 31.25
M99 423.043 62.5 521.043 31.25
M100 119.367 500 160.367 31.25
M101 465.2 250 557.2 31.25
M102 114.355 562.5 175.355 31.25
M103 277.656 281.25 303.656 31.25
M104 311.954 218.75 365.954 31.25
M105 366.095 156.25 474.095 31.25
M106 576.775 62.5 653.775 31.25
M107 895 312.5 1000 31.25
M108 470.009 500 481.009 31.25
M109 374.041 31.25 389.041 31.25
M110 738.056 562.5 780.056 31.25
M111 11.2905 343.75 38.2905 31.25
M112 515.799 218.75 600.799 31.25
M113 149.156 375 167.156 31.25
M114 795.993 468.75 880.993 31.25
M115 663.532 62.5 715.532 31.25
M116 125.439 0 198.439 31.25
M117 892 187.5 1000 31.25
M118 578.602 0 636.602 31.25
M119 279.395 218.75 294.395 31.25
M120 241.319 562.5 293.319 31.25
M121 23.2102 437.5 68.2102 31.25
M122 46.6115 281.25 59.6115 31.25
M123 422.987 406.25 459.987 31.25
M124 538.299 437.5 617.299 31.25
M125 492.786 125 546.786 31.25
M126 157.564 62.5 168.564 31.25
M127 496.159 281.25 596.159 31.25
M128 467.562 93.75 494.562 31.25
M129 349.147 250 424.147 31.25
M130 208.692 0 278.692 31.25
M131 598.299 531.25 630.299 31.25
M132 676.88 187.5 770.88 31.25
M133 0 500 18 31.25
M134 901 156.25 1000 31.25
M135 0 31.25 28 31.25
M136 145.117 437.5 234.117 31.25
M137 926 156.25 1000 31.25
M138 727.408 500 772.408 31.25
M139 104.349 125 194.349 31.25
M140 530.884 187.5 634.884 31.25
M141 0 281.25 11 31.25
M142 798.467 375 901.467 31.25
M143 784.349 125 840.349 31.25
M144 167.664 468.75 270.664 31.25
M145 428.111 125 486.111 31.25
M146 888.285 187.5 941.285 31.25
M147 43.0862 343.75 113.086 31.25
M148 626.448 531.25 662.448 31.25
M149 529.718 500 608.718 31.25
M150 8.60759 281.25 24.6076 31.25
M151 263.31 93.75 365.31 31.25
M152 170.288 62.5 228.288 31.25
M153 935 0 1000 31.25
M154 53.3079 250 65.3079 31.25
M155 377.315 437.5 485.315 31.25
M156 400.789 343.75 483.789 31.25
M157 456.133 93.75 498.133 31.25
M158 259.772 593.75 337.772 31.25
M159 9.90506 0 46.9051 31.25
M160 123.089 156.25 227.089 31.25
M161 839.759 93.75 890.759 31.25
M162 372.686 312.5 472.686 31.25
M163 714.355 593.75 763.355 31.25
M164 179.259 31.25 203.259 31.25
M165 726.449 250 775.449 31.25
M166 669.499 406.25 757.499 31.25
M167 878.118 562.5 961.118 31.25
M168 268.026 531.25 314.026 31.25
M169 472.742 218.75 564.742 31.25
M170 642.329 187.5 737.329 31.25
M171 117.439 375 206.439 31.25
M172 389.675 468.75 474.675 31.25
M173 463.615 0 499.615 31.25
M174 584.909 375 688.909 31.25
M175 611.081 343.75 703.081 31.25
M176 0 468.75 38 31.25
M177 495.027 468.75 581.027 31.25
M178 134.738 281.25 217.738 31.25
M179 924 500 1000 31.25
M180 563.708 281.25 661.708 31.25
M181 72.7945 31.25 123.795 31.25
M182 19.9628 531.25 56.9628 31.25
M183 340.976 62.5 414.976 31.25
M184 436.24 0 468.24 31.25
M185 465.902 593.75 515.902 31.25
M186 779.99 437.5 871.99 31.25
M187 17.7693 31.25 58.7693 31.25
M188 489.799 0 532.799 31.25
M189 619.658 312.5 694.658 31.25
M190 58.0512 500 110.051 31.25
M191 832.668 187.5 888.668 31.25
M192 112.498 531.25 149.498 31.25
M193 662.239 562.5 713.239 31.25
M194 107.888 312.5 127.888 31.25
M195 72.6723 0 84.6723 31.25
M196 313.697 343.75 406.697 31.25
M197 213.184 218.75 273.184 31.25
M198 105.891 531.25 121.891 31.25
M199 649.035 156.25 743.035 31.25
M200 42.9345 125 105.934 31.25
M201 784.472 218.75 862.472 31.25
M202 443.978 31.25 516.978 31.25
M203 811.353 0 882.353 31.25
M204 892 281.25 1000 31.25
M205 598.385 31.25 616.385 31.25
M206 916 343.75 1000 31.25
M207 918 343.75 1000 31.25
M208 469.659 312.5 553.659 31.25
M209 0 500 13 31.25
M210 17.2645 500 59.2645 31.25
M211 82.817 0 95.817 31.25
M212 696.431 375 794.431 31.25
M213 788.429 375 885.429 31.25
M214 936 0 1000 31.25
M215 46.7958 593.75 77.7958 31.25
M216 233.182 187.5 342.182 31.25
M217 375.199 562.5 426.199 31.25
M218 299.092 375 406.092 31.25
M219 346.608 125 435.608 31.25
M220 244.384 312.5 352.384 31.25
M221 589.011 562.5 624.011 31.25
M222 330.642 187.5 431.642 31.25
M223 463.764 562.5 487.764 31.25
M224 499.301 562.5 510.301 31.25
M225 21.9098 281.25 55.9098 31.25
M226 862.394 468.75 967.394 31.25
M227 204.942 281.25 279.942 31.25
M228 39.7791 562.5 83.7791 31.25
M229 606.964 93.75 673.964 31.25
M230 279.829 375 303.829 31.25
M231 825.65 531.25 907.65 31.25
M232 516.895 187.5 538.895 31.25
M233 323.4 468.75 362.4 31.25
M234 395.409 312.5 498.409 31.25
M235 528.042 93.75 579.042 31.25
M236 208.616 31.25 288.616 31.25
M237 762.457 281.25 848.457 31.25
M238 350.886 562.5 373.886 31.25
M239 588.052 500 639.052 31.25
M240 695.761 31.25 757.761 31.25
M241 50.6646 218.75 75.6646 31.25
M242 53.061 375 136.061 31.25
M243 300.318 437.5 389.318 31.25
M244 789.398 0 881.398 31.25
M245 897 375 1000 31.25
M246 68.6871 218.75 151.687 31.25
M247 872.626 31.25 955.626 31.25
M248 531.848 62.5 578.848 31.25
M249 123.167 468.75 152.167 31.25
M250 499.874 406.25 597.874 31.25
M251 703.955 218.75 805.955 31.25
M252 30.8156 0 58.8156 31.25
M253 172.161 0 219.161 31.25
M254 250.619 31.25 300.619 31.25
M255 5.3908 562.5 24.3908 31.25
M256 399.68 500 431.68 31.25
M257 770.88 0 794.88 31.25
M258 90.9386 343.75 148.939 31.25
M259 153.319 187.5 180.319 31.25
M260 545.125 0 573.125 31.25
M261 170.122 593.75 186.122 31.25
M262 810.426 343.75 919.426 31.25
M263 919.358 62.5 990.358 31.25
M264 165.393 406.25 273.393 31.25
M265 852.291 62.5 895.291 31.25
M266 733.265 93.75 829.265 31.25
M267 483.967 343.75 587.967 31.25
M268 404.24 31.25 437.24 31.25
M269 70.9802 531.25 96.9802 31.25
M270 92.3952 281.25 168.395 31.25
M271 35.474 437.5 91.474 31.25
M272 836.077 125 926.077 31.25
M273 704.705 343.75 809.705 31.25
M274 929 93.75 1000 31.25
M275 149.756 593.75 166.756 31.25
M276 492.229 93.75 536.229 31.25
M277 212.065 593.75 225.065 31.25
M278 221.592 468.75 324.592 31.25
M279 487.98 156.25 587.98 31.25
M280 230.715 343.75 338.715 31.25
M281 741.959 156.25 784.959 31.25
M282 482.179 531.25 525.179 31.25
M283 50.9423 62.5 73.9423 31.25
M284 184.598 218.75 243.598 31.25
M285 36.3686 250 69.3686 31.25
M286 184.472 593.75 244.472 31.25
M287 32.7644 343.75 89.7644 31.25
M288 426.42 187.5 520.42 31.25
M289 492.269 593.75 503.269 31.25
M290 332.218 62.5 411.218 31.25
M291 369.657 281.25 451.657 31.25
M292 46.849 218.75 116.849 31.25
M293 757.098 125 785.098 31.25
M294 427.383 31.25 453.383 31.25
M295 640.398 468.75 722.398 31.25
M296 477.515 437.5 575.515 31.25
M297 160.771 31.25 253.771 31.25
M298 182.082 375 281.082 31.25
M299 395.712 187.5 505.712 31.25
M300 467.369 218.75 525.369 31.25
M301 480.805 468.75 496.805 31.25
M302 753.275 468.75 849.275 31.25
M303 62.6688 62.5 100.669 31.25
M304 12.8288 312.5 33.8288 31.25
M305 461.068 125 504.068 31.25
M306 543.051 125 607.051 31.25
M307 512.154 562.5 536.154 31.25
M308 645.062 500 691.062 31.25
M309 98.1842 562.5 114.184 31.25
M310 561.765 437.5 606.765 31.25
M311 636.486 156.25 685.486 31.25
M312 321.213 0 342.213 31.25
M313 237.335 437.5 340.335 31.25
M314 671.237 31.25 701.237 31.25
M315 341.78 593.75 362.78 31.25
M316 812.918 250 906.918 31.25
M317 260.283 250 342.283 31.25
M318 466.619 31.25 507.619 31.25
M319 693.184 468.75 757.184 31.25
M320 0 500 23 31.25
M321 380.083 0 416.083 31.25
M322 57.2532 0 78.2532 31.25
M323 668.808 187.5 741.808 31.25
M324 684.151 93.75 763.151 31.25
M325 29.8718 468.75 78.8718 31.25
M326 86.7725 0 129.773 31.25
M327 748.131 468.75 808.131 31.25
M328 7.0743 156.25 55.0743 31.25
M329 681.659 0 719.659 31.25
M330 919 562.5 1000 31.25
M331 312.145 500 384.145 31.25
M332 584.91 31.25 643.91 31.25
M333 289.874 0 335.874 31.25
M334 702.39 437.5 784.39 31.25
M335 400.868 593.75 412.868 31.25
M336 433.578 250 480.578 31.25
M337 83.9821 437.5 149.982 31.25
M338 60.6861 281.25 91.6861 31.25
M339 158.644 125 235.644 31.25
M340 141.409 31.25 179.409 31.25
M341 670.058 593.75 708.058 31.25
M342 838.724 593.75 926.724 31.25
M343 507.018 125 525.018 31.25
M344 519.761 312.5 627.761 31.25
M345 239.096 125 347.096 31.25
M346 248.554 343.75 274.554 31.25
M347 330.372 531.25 405.372 31.25
M348 923 437.5 1000 31.25
M349 124.886 93.75 211.886 31.25
M350 85.35 562.5 102.35 31.25
M351 150.32 437.5 236.32 31.25
M352 78.9419 125 157.942 31.25
M353 707.209 531.25 742.209 31.25
M354 504.883 125 524.883 31.25
M355 365.377 406.25 397.377 31.25
M356 0.232703 406.25 16.2327 31.25
M357 382.534 93.75 467.534 31.25
M358 16.945 406.25 80.945 31.25
M359 36.6722 156.25 100.672 31.25
M360 80.6915 406.25 167.692 31.25
M361 0 250 19 31.25
M362 333.728 0 357.728 31.25
M363 345.14 500 421.14 31.25
M364 717.534 0 777.534 31.25
M365 343.407 406.25 366.407 31.25
M366 349.875 218.75 449.875 31.25
M367 522.953 531.25 597.953 31.25
M368 712.872 250 816.872 31.25
M369 114.629 0 159.629 31.25
M370 321.793 62.5 333.793 31.25
M371 165.878 250 260.878 31.25
M372 0 312.5 14 31.25
M373 406.625 375 514.625 31.25
M374 590.554 93.75 609.554 31.25
M375 791.727 250 873.727 31.25
M376 47.0162 468.75 102.016 31.25
M377 27.0354 93.75 82.0354 31.25
M378 531.929 0 542.929 31.25
M379 23.491 562.5 39.491 31.25
M380 37.3355 187.5 71.3355 31.25
M381 289.431 562.5 353.431 31.25
M382 140.489 187.5 216.489 31.25
M383 514.567 31.25 556.567 31.25
M384 0 125 25 31.25
M385 423.24 281.25 486.24 31.25
M386 420.436 593.75 466.436 31.25
M387 73.8147 250 159.815 31.25
M388 660.672 281.25 743.672 31.25
M389 890 281.25 1000 31.25
M390 858.573 0 931.573 31.25
M391 795.298 156.25 905.298 31.25
M392 760.99 31.25 839.99 31.25
M393 171.865 375 280.865 31.25
M394 864.563 531.25 959.563 31.25
M395 408.141 593.75 456.141 31.25
M396 567.703 343.75 606.703 31.25
M397 504.287 0 535.287 31.25
M398 353.636 562.5 418.636 31.25
M399 0 375 48 31.25
